# NVE MD Simulation of a Lennard-Jones fluid
# Using the link-cell algorithm; nc = 27
# L = 8.46727; rho = 0.85000; N = 516; rc = 2.50000
# nSteps 1000, seed 23410981, dt 0.00100
# step PE KE TE drift T P
0 0.00000 1536.25165 771.36805 2307.61971 4.50355e-07 0.99660 46.18317
1 0.00100 1541.29194 766.33065 2307.62259 1.69997e-06 0.99009 46.21512
2 0.00200 1548.68832 758.93905 2307.62737 3.77180e-06 0.98054 46.26041
3 0.00300 1558.35627 749.27786 2307.63413 6.69922e-06 0.96806 46.31850
4 0.00400 1570.17693 737.46602 2307.64295 1.05237e-05 0.95280 46.38863
5 0.00500 1583.99598 723.65797 2307.65395 1.52911e-05 0.93496 46.46985
6 0.00600 1599.62242 708.04482 2307.66723 2.10468e-05 0.91479 46.56093
7 0.00700 1616.82740 690.85548 2307.68288 2.78283e-05 0.89258 46.66045
8 0.00800 1635.34351 672.35743 2307.70095 3.56568e-05 0.86868 46.76674
9 0.00900 1654.86465 652.85676 2307.72142 4.45261e-05 0.84348 46.87788
10 0.01000 1675.04695 632.69723 2307.74418 5.43905e-05 0.81744 46.99176
11 0.01100 1695.51112 612.25789 2307.76901 6.51517e-05 0.79103 47.10602
12 0.01200 1715.84670 591.94884 2307.79554 7.66474e-05 0.76479 47.21814
13 0.01300 1735.61847 572.20475 2307.82322 8.86437e-05 0.73928 47.32546
14 0.01400 1754.37540 553.47595 2307.85135 1.00833e-04 0.71509 47.42521
15 0.01500 1771.66206 536.21700 2307.87906 1.12841e-04 0.69279 47.51463
16 0.01600 1787.03221 520.87318 2307.90538 1.24247e-04 0.67296 47.59099
17 0.01700 1800.06400 507.86529 2307.92929 1.34609e-04 0.65616 47.65175
18 0.01800 1810.37571 497.57411 2307.94981 1.43502e-04 0.64286 47.69459
19 0.01900 1817.64080 490.32529 2307.96609 1.50556e-04 0.63350 47.71754
20 0.02000 1821.60099 486.37649 2307.97748 1.55491e-04 0.62839 47.71904
21 0.02100 1822.07609 485.90751 2307.98361 1.58146e-04 0.62779 47.69800
22 0.02200 1818.96975 489.01464 2307.98439 1.58486e-04 0.63180 47.65385
23 0.02300 1812.27076 495.70927 2307.98003 1.56597e-04 0.64045 47.58652
24 0.02400 1802.04997 505.92101 2307.97098 1.52674e-04 0.65364 47.49644
25 0.02500 1788.45351 519.50435 2307.95786 1.46990e-04 0.67119 47.38452
26 0.02600 1771.69317 536.24826 2307.94143 1.39868e-04 0.69283 47.25203
27 0.02700 1752.03486 555.88760 2307.92246 1.31650e-04 0.71820 47.10061
28 0.02800 1729.78640 578.11536 2307.90176 1.22679e-04 0.74692 46.93215
29 0.02900 1705.28510 602.59496 2307.88006 1.13276e-04 0.77855 46.74870
30 0.03000 1678.88609 628.97196 2307.85805 1.03735e-04 0.81263 46.55246
31 0.03100 1650.95150 656.88480 2307.83630 9.43126e-05 0.84869 46.34567
32 0.03200 1621.84093 685.97441 2307.81534 8.52291e-05 0.88627 46.13055
33 0.03300 1591.90317 715.89242 2307.79559 7.66678e-05 0.92493 45.90928
34 0.03400 1561.46926 746.30812 2307.77737 6.87757e-05 0.96422 45.68391
35 0.03500 1530.84686 776.91411 2307.76097 6.16653e-05 1.00376 45.45639
36 0.03600 1500.31584 807.43070 2307.74654 5.54159e-05 1.04319 45.22847
37 0.03700 1470.12514 837.60909 2307.73422 5.00753e-05 1.08218 45.00173
38 0.03800 1440.49071 867.23332 2307.72404 4.56616e-05 1.12046 44.77757
39 0.03900 1411.59466 896.12131 2307.71597 4.21666e-05 1.15778 44.55715
40 0.04000 1383.58527 924.12468 2307.70995 3.95591e-05 1.19396 44.34144
41 0.04100 1356.57791 951.12796 2307.70587 3.77899e-05 1.22885 44.13121
42 0.04200 1330.65664 977.04694 2307.70358 3.67973e-05 1.26233 43.92704
43 0.04300 1305.87629 1001.82663 2307.70292 3.65129e-05 1.29435 43.72933
44 0.04400 1282.26479 1025.43895 2307.70374 3.68665e-05 1.32486 43.53828
45 0.04500 1259.82562 1047.88034 2307.70596 3.78298e-05 1.35385 43.35409
46 0.04600 1238.53957 1069.16954 2307.70912 3.91960e-05 1.38136 43.17646
47 0.04700 1218.36892 1089.34459 2307.71350 4.10970e-05 1.40742 43.00537
48 0.04800 1199.25783 1108.46088 2307.71872 4.33562e-05 1.43212 42.84050
49 0.04900 1181.13503 1126.58960 2307.72463 4.59173e-05 1.45554 42.68134
50 0.05000 1163.91609 1143.81523 2307.73132 4.88193e-05 1.47780 42.52740
51 0.05100 1147.50448 1160.23408 2307.73856 5.19542e-05 1.49901 42.37831
52 0.05200 1131.79440 1175.95187 2307.74627 5.52948e-05 1.51932 42.23313
53 0.05300 1116.67299 1191.08116 2307.75415 5.87109e-05 1.53886 42.09143
54 0.05400 1102.02231 1205.73979 2307.76210 6.21549e-05 1.55780 41.95251
55 0.05500 1087.72202 1220.04802 2307.77004 6.55982e-05 1.57629 41.81535
56 0.05600 1073.65152 1234.12645 2307.77798 6.90370e-05 1.59448 41.67933
57 0.05700 1059.69109 1248.09448 2307.78557 7.23277e-05 1.61253 41.54393
58 0.05800 1045.72501 1262.06784 2307.79285 7.54813e-05 1.63058 41.40820
59 0.05900 1031.64222 1276.15735 2307.79958 7.83976e-05 1.64878 41.27153
60 0.06000 1017.33799 1290.46792 2307.80591 8.11431e-05 1.66727 41.13319
61 0.06100 1002.71386 1305.09789 2307.81176 8.36750e-05 1.68617 40.99268
62 0.06200 987.67880 1320.13853 2307.81734 8.60938e-05 1.70561 40.84959
63 0.06300 972.14953 1335.67273 2307.82226 8.82282e-05 1.72568 40.70302
64 0.06400 956.05153 1351.77525 2307.82678 9.01866e-05 1.74648 40.55262
65 0.06500 939.31720 1368.51339 2307.83060 9.18390e-05 1.76811 40.39810
66 0.06600 921.88813 1385.94597 2307.83410 9.33589e-05 1.79063 40.23895
67 0.06700 903.71396 1404.12307 2307.83703 9.46263e-05 1.81411 40.07491
68 0.06800 884.75299 1423.08625 2307.83925 9.55874e-05 1.83861 39.90591
69 0.06900 864.97367 1442.86741 2307.84107 9.63798e-05 1.86417 39.73161
70 0.07000 844.35394 1463.48806 2307.84200 9.67818e-05 1.89081 39.55164
71 0.07100 822.88334 1484.95890 2307.84224 9.68852e-05 1.91855 39.36617
72 0.07200 800.56197 1507.27997 2307.84194 9.67571e-05 1.94739 39.17528
73 0.07300 777.40053 1530.44037 2307.84090 9.63052e-05 1.97731 38.97874
74 0.07400 753.42115 1554.41831 2307.83947 9.56827e-05 2.00829 38.77688
75 0.07500 728.65471 1579.18273 2307.83745 9.48076e-05 2.04029 38.56983
76 0.07600 703.13957 1604.69521 2307.83478 9.36538e-05 2.07325 38.35823
77 0.07700 676.92292 1630.90906 2307.83198 9.24411e-05 2.10712 38.14161
78 0.07800 650.05715 1657.77175 2307.82890 9.11038e-05 2.14182 37.92050
79 0.07900 622.59711 1685.22901 2307.82612 8.98982e-05 2.17730 37.69557
80 0.08000 594.59731 1713.22594 2307.82325 8.86559e-05 2.21347 37.46727
81 0.08100 566.11185 1741.70839 2307.82023 8.73492e-05 2.25027 37.23572
82 0.08200 537.19301 1770.62453 2307.81755 8.61845e-05 2.28763 37.00094
83 0.08300 507.88993 1799.92567 2307.81560 8.53388e-05 2.32549 36.76383
84 0.08400 478.24702 1829.56639 2307.81341 8.43905e-05 2.36378 36.52436
85 0.08500 448.30574 1859.50572 2307.81145 8.35443e-05 2.40246 36.28263
86 0.08600 418.10271 1889.70699 2307.80970 8.27861e-05 2.44148 36.03898
87 0.08700 387.67018 1920.13830 2307.80848 8.22551e-05 2.48080 35.79439
88 0.08800 357.03515 1950.77207 2307.80722 8.17111e-05 2.52038 35.54823
89 0.08900 326.22321 1981.58312 2307.80634 8.13269e-05 2.56018 35.30019
90 0.09000 295.25693 2012.54848 2307.80542 8.09291e-05 2.60019 35.05097
91 0.09100 264.15598 2043.64897 2307.80495 8.07272e-05 2.64037 34.80112
92 0.09200 232.93635 2074.86791 2307.80426 8.04252e-05 2.68071 34.55071
93 0.09300 201.61376 2106.18972 2307.80348 8.00869e-05 2.72118 34.29926
94 0.09400 170.20189 2137.60084 2307.80273 7.97642e-05 2.76176 34.04685
95 0.09500 138.71222 2169.09049 2307.80271 7.97533e-05 2.80244 33.79428
96 0.09600 107.15238 2200.65019 2307.80257 7.96953e-05 2.84322 33.54069
97 0.09700 75.52979 2232.27294 2307.80273 7.97617e-05 2.88407 33.28671
98 0.09800 43.84894 2263.95361 2307.80255 7.96838e-05 2.92500 33.03207
99 0.09900 12.11333 2295.68958 2307.80291 7.98413e-05 2.96601 32.77717
100 0.10000 -19.67743 2327.48023 2307.80280 7.97934e-05 3.00708 32.52212
101 0.10100 -51.52379 2359.32733 2307.80354 8.01155e-05 3.04823 32.26708
102 0.10200 -83.42982 2391.23319 2307.80336 8.00385e-05 3.08945 32.01113
103 0.10300 -115.39630 2423.19952 2307.80321 7.99728e-05 3.13075 31.75524
104 0.10400 -147.42548 2455.22906 2307.80358 8.01327e-05 3.17213 31.49858
105 0.10500 -179.52130 2487.32510 2307.80380 8.02286e-05 3.21360 31.24152
106 0.10600 -211.68631 2519.49008 2307.80377 8.02127e-05 3.25516 30.98409
107 0.10700 -243.92187 2551.72530 2307.80343 8.00670e-05 3.29680 30.72646
108 0.10800 -276.22736 2584.03031 2307.80295 7.98575e-05 3.33854 30.46826
109 0.10900 -308.60030 2616.40293 2307.80263 7.97198e-05 3.38037 30.20955
110 0.11000 -341.03639 2648.83851 2307.80212 7.94988e-05 3.42227 29.94994
111 0.11100 -373.52847 2681.32980 2307.80133 7.91553e-05 3.46425 29.69061
112 0.11200 -406.06596 2713.86573 2307.79977 7.84796e-05 3.50629 29.43022
113 0.11300 -438.63422 2746.43218 2307.79796 7.76960e-05 3.54836 29.17016
114 0.11400 -471.21501 2779.01060 2307.79559 7.66675e-05 3.59045 28.91001
115 0.11500 -503.78296 2811.57620 2307.79325 7.56544e-05 3.63253 28.65004
116 0.11600 -536.30826 2844.09890 2307.79064 7.45239e-05 3.67455 28.39043
117 0.11700 -568.75719 2876.54458 2307.78739 7.31161e-05 3.71647 28.13144
118 0.11800 -601.09064 2908.87412 2307.78347 7.14180e-05 3.75824 27.87278
119 0.11900 -633.26163 2941.04075 2307.77912 6.95327e-05 3.79979 27.61512
120 0.12000 -665.21863 2972.99289 2307.77426 6.74261e-05 3.84108 27.35839
121 0.12100 -696.90763 3004.67667 2307.76904 6.51653e-05 3.88201 27.10422
122 0.12200 -728.27111 3036.03450 2307.76339 6.27145e-05 3.92253 26.85231
123 0.12300 -759.24703 3067.00485 2307.75783 6.03056e-05 3.96254 26.60215
124 0.12400 -789.77132 3097.52391 2307.75259 5.80368e-05 4.00197 26.35466
125 0.12500 -819.77913 3127.52687 2307.74774 5.59346e-05 4.04073 26.10986
126 0.12600 -849.20776 3156.95008 2307.74231 5.35825e-05 4.07875 25.86857
127 0.12700 -877.99624 3185.73321 2307.73696 5.12643e-05 4.11593 25.63169
128 0.12800 -906.09043 3213.82258 2307.73215 4.91790e-05 4.15223 25.39918
129 0.12900 -933.44219 3241.17077 2307.72858 4.76309e-05 4.18756 25.17222
130 0.13000 -960.00991 3267.73488 2307.72497 4.60681e-05 4.22188 24.94902
131 0.13100 -985.76037 3293.48249 2307.72212 4.48311e-05 4.25515 24.73117
132 0.13200 -1010.67640 3318.39674 2307.72034 4.40607e-05 4.28733 24.51851
133 0.13300 -1034.75383 3342.47311 2307.71927 4.35979e-05 4.31844 24.31127
134 0.13400 -1058.00100 3365.72021 2307.71921 4.35722e-05 4.34848 24.10950
135 0.13500 -1080.43902 3388.15897 2307.71995 4.38905e-05 4.37747 23.91191
136 0.13600 -1102.10057 3409.82165 2307.72109 4.43843e-05 4.40545 23.71913
137 0.13700 -1123.02935 3430.75262 2307.72327 4.53304e-05 4.43250 23.53118
138 0.13800 -1143.27764 3451.00310 2307.72547 4.62829e-05 4.45866 23.34707
139 0.13900 -1162.89953 3470.62648 2307.72695 4.69250e-05 4.48401 23.16752
140 0.14000 -1181.94558 3489.67433 2307.72875 4.77046e-05 4.50862 22.99144
141 0.14100 -1200.46186 3508.19120 2307.72934 4.79597e-05 4.53255 22.81864
142 0.14200 -1218.48085 3526.20987 2307.72902 4.78232e-05 4.55583 22.64968
143 0.14300 -1236.02083 3543.74868 2307.72785 4.73145e-05 4.57849 22.48361
144 0.14400 -1253.08613 3560.81205 2307.72592 4.64779e-05 4.60053 22.32107
145 0.14500 -1269.66532 3577.38899 2307.72367 4.55046e-05 4.62195 22.16224
146 0.14600 -1285.73485 3593.45520 2307.72035 4.40635e-05 4.64271 22.00631
147 0.14700 -1301.26359 3608.98085 2307.71726 4.27274e-05 4.66277 21.85390
148 0.14800 -1316.21796 3623.93252 2307.71456 4.15557e-05 4.68208 21.70555
149 0.14900 -1330.56362 3638.27619 2307.71258 4.06962e-05 4.70062 21.56108
150 0.15000 -1344.27303 3651.98389 2307.71086 3.99529e-05 4.71833 21.41997
151 0.15100 -1357.32854 3665.03843 2307.70988 3.95295e-05 4.73519 21.28367
152 0.15200 -1369.72265 3677.43178 2307.70913 3.92015e-05 4.75120 21.15164
153 0.15300 -1381.45826 3689.16764 2307.70938 3.93118e-05 4.76637 21.02407
154 0.15400 -1392.55002 3700.26057 2307.71055 3.98195e-05 4.78070 20.90051
155 0.15500 -1403.02094 3710.73318 2307.71224 4.05516e-05 4.79423 20.78146
156 0.15600 -1412.90381 3720.61785 2307.71404 4.13284e-05 4.80700 20.66648
157 0.15700 -1422.23527 3729.95094 2307.71566 4.20341e-05 4.81906 20.55543
158 0.15800 -1431.05254 3738.77053 2307.71799 4.30424e-05 4.83045 20.44762
159 0.15900 -1439.39863 3747.11875 2307.72013 4.39672e-05 4.84124 20.34299
160 0.16000 -1447.31670 3755.03958 2307.72287 4.51575e-05 4.85147 20.24144
161 0.16100 -1454.85213 3762.57734 2307.72521 4.61701e-05 4.86121 20.14248
162 0.16200 -1462.05079 3769.77802 2307.72723 4.70471e-05 4.87051 20.04562
163 0.16300 -1468.95808 3776.68764 2307.72956 4.80551e-05 4.87944 19.95115
164 0.16400 -1475.61924 3783.35119 2307.73194 4.90881e-05 4.88805 19.85833
165 0.16500 -1482.07808 3789.81212 2307.73404 4.99982e-05 4.89640 19.76693
166 0.16600 -1488.37658 3796.11290 2307.73631 5.09823e-05 4.90454 19.67738
167 0.16700 -1494.55536 3802.29331 2307.73796 5.16939e-05 4.91252 19.58945
168 0.16800 -1500.64921 3808.38866 2307.73946 5.23447e-05 4.92040 19.50216
169 0.16900 -1506.68879 3814.42891 2307.74012 5.26319e-05 4.92820 19.41475
170 0.17000 -1512.69640 3820.43732 2307.74092 5.29783e-05 4.93597 19.32770
171 0.17100 -1518.68939 3826.43045 2307.74107 5.30422e-05 4.94371 19.24166
172 0.17200 -1524.67627 3832.41759 2307.74132 5.31533e-05 4.95144 19.15625
173 0.17300 -1530.65942 3838.40005 2307.74063 5.28527e-05 4.95917 19.07061
174 0.17400 -1536.63068 3844.37043 2307.73975 5.24710e-05 4.96689 18.98613
175 0.17500 -1542.57388 3850.31241 2307.73853 5.19439e-05 4.97456 18.90164
176 0.17600 -1548.46712 3856.20413 2307.73701 5.12836e-05 4.98218 18.81767
177 0.17700 -1554.28466 3862.01992 2307.73526 5.05263e-05 4.98969 18.73414
178 0.17800 -1559.99489 3867.72785 2307.73296 4.95275e-05 4.99706 18.65217
179 0.17900 -1565.56007 3873.29020 2307.73013 4.83040e-05 5.00425 18.57047
180 0.18000 -1570.94038 3878.66730 2307.72692 4.69123e-05 5.01120 18.48996
181 0.18100 -1576.09273 3883.81693 2307.72420 4.57335e-05 5.01785 18.41156
182 0.18200 -1580.97350 3888.69447 2307.72097 4.43341e-05 5.02415 18.33567
183 0.18300 -1585.53565 3893.25280 2307.71714 4.26739e-05 5.03004 18.26205
184 0.18400 -1589.72734 3897.44102 2307.71369 4.11771e-05 5.03545 18.19040
185 0.18500 -1593.49816 3901.20709 2307.70893 3.91167e-05 5.04032 18.12128
186 0.18600 -1596.79172 3904.49603 2307.70431 3.71125e-05 5.04457 18.05582
187 0.18700 -1599.55299 3907.25241 2307.69942 3.49965e-05 5.04813 17.99378
188 0.18800 -1601.72853 3909.42369 2307.69516 3.31478e-05 5.05093 17.93594
189 0.18900 -1603.27218 3910.96357 2307.69139 3.15147e-05 5.05292 17.88089
190 0.19000 -1604.15268 3911.84118 2307.68850 3.02640e-05 5.05406 17.83043
191 0.19100 -1604.36349 3912.05136 2307.68787 2.99911e-05 5.05433 17.78405
192 0.19200 -1603.93819 3911.62913 2307.69094 3.13196e-05 5.05378 17.74128
193 0.19300 -1602.96865 3910.66765 2307.69900 3.48123e-05 5.05254 17.70134
194 0.19400 -1601.62189 3909.33515 2307.71326 4.09935e-05 5.05082 17.66429
195 0.19500 -1600.15017 3907.88289 2307.73272 4.94266e-05 5.04894 17.62809
196 0.19600 -1598.88032 3906.63643 2307.75611 5.95615e-05 5.04733 17.59040
197 0.19700 -1598.18586 3905.96498 2307.77912 6.95335e-05 5.04647 17.55074
198 0.19800 -1598.42818 3906.22580 2307.79762 7.75513e-05 5.04680 17.50541
199 0.19900 -1599.89160 3907.69899 2307.80738 8.17804e-05 5.04871 17.45284
200 0.20000 -1602.72168 3910.52755 2307.80587 8.11234e-05 5.05236 17.39236
201 0.20100 -1606.88846 3914.68291 2307.79445 7.61749e-05 5.05773 17.32387
202 0.20200 -1612.19998 3919.97454 2307.77456 6.75582e-05 5.06457 17.24849
203 0.20300 -1618.34330 3926.09628 2307.75297 5.82012e-05 5.07248 17.16792
204 0.20400 -1624.96235 3932.69612 2307.73377 4.98816e-05 5.08100 17.08461
205 0.20500 -1631.71911 3939.43752 2307.71841 4.32220e-05 5.08971 17.00150
206 0.20600 -1638.33182 3946.04043 2307.70861 3.89776e-05 5.09824 16.91882
207 0.20700 -1644.60042 3952.30378 2307.70336 3.67009e-05 5.10634 16.83809
208 0.20800 -1650.40113 3958.10351 2307.70238 3.62769e-05 5.11383 16.76038
209 0.20900 -1655.67211 3963.37592 2307.70381 3.68985e-05 5.12064 16.68567
210 0.21000 -1660.39234 3968.09846 2307.70612 3.78980e-05 5.12674 16.61477
211 0.21100 -1664.56359 3972.27230 2307.70871 3.90191e-05 5.13213 16.54679
212 0.21200 -1668.19623 3975.90599 2307.70976 3.94732e-05 5.13683 16.48247
213 0.21300 -1671.29653 3979.00586 2307.70932 3.92860e-05 5.14083 16.42189
214 0.21400 -1673.86147 3981.57018 2307.70871 3.90184e-05 5.14415 16.36425
215 0.21500 -1675.87612 3983.58219 2307.70607 3.78777e-05 5.14675 16.31008
216 0.21600 -1677.31055 3985.01258 2307.70203 3.61273e-05 5.14860 16.25992
217 0.21700 -1678.12822 3985.82600 2307.69778 3.42854e-05 5.14965 16.21431
218 0.21800 -1678.29257 3985.98563 2307.69306 3.22375e-05 5.14985 16.17234
219 0.21900 -1677.77174 3985.46047 2307.68873 3.03602e-05 5.14917 16.13477
220 0.22000 -1676.54737 3984.23360 2307.68622 2.92754e-05 5.14759 16.10196
221 0.22100 -1674.62660 3982.31206 2307.68546 2.89430e-05 5.14511 16.07294
222 0.22200 -1672.05326 3979.74039 2307.68712 2.96653e-05 5.14178 16.04860
223 0.22300 -1668.91703 3976.60866 2307.69163 3.16171e-05 5.13774 16.02700
224 0.22400 -1665.35570 3973.05568 2307.69998 3.52372e-05 5.13315 16.00837
225 0.22500 -1661.56325 3969.27392 2307.71067 3.98698e-05 5.12826 15.99149
226 0.22600 -1657.78276 3965.50640 2307.72364 4.54906e-05 5.12339 15.97453
227 0.22700 -1654.29678 3962.03597 2307.73919 5.22282e-05 5.11891 15.95587
228 0.22800 -1651.41580 3959.17135 2307.75554 5.93146e-05 5.11521 15.93448
229 0.22900 -1649.45820 3957.22938 2307.77118 6.60906e-05 5.11270 15.90751
230 0.23000 -1648.72849 3956.51336 2307.78487 7.20247e-05 5.11177 15.87313
231 0.23100 -1649.49574 3957.29260 2307.79686 7.72196e-05 5.11278 15.82981
232 0.23200 -1651.97849 3959.78243 2307.80394 8.02879e-05 5.11600 15.77689
233 0.23300 -1656.31161 3964.11623 2307.80462 8.05834e-05 5.12160 15.71382
234 0.23400 -1662.51699 3970.31451 2307.79752 7.75066e-05 5.12961 15.63915
235 0.23500 -1670.47391 3978.25277 2307.77886 6.94189e-05 5.13986 15.55411
236 0.23600 -1679.88940 3987.64097 2307.75156 5.75906e-05 5.15199 15.46130
237 0.23700 -1690.31959 3998.03751 2307.71793 4.30143e-05 5.16542 15.36248
238 0.23800 -1701.21457 4008.89766 2307.68309 2.79176e-05 5.17945 15.26159
239 0.23900 -1711.99322 4019.64433 2307.65112 1.40619e-05 5.19334 15.16141
240 0.24000 -1722.11789 4029.74422 2307.62633 3.32115e-06 5.20639 15.06588
241 0.24100 -1731.15425 4038.76433 2307.61008 -3.72075e-06 5.21804 14.97756
242 0.24200 -1738.79955 4046.40265 2307.60309 -6.74768e-06 5.22791 14.89730
243 0.24300 -1744.89112 4052.49472 2307.60360 -6.52881e-06 5.23578 14.82622
244 0.24400 -1749.39337 4057.00331 2307.60994 -3.78281e-06 5.24161 14.76455
245 0.24500 -1752.38267 4060.00490 2307.62223 1.54421e-06 5.24548 14.71216
246 0.24600 -1754.03345 4061.67373 2307.64027 9.36406e-06 5.24764 14.66876
247 0.24700 -1754.60547 4062.26716 2307.66169 1.86436e-05 5.24841 14.63205
248 0.24800 -1754.42469 4062.11084 2307.68615 2.92442e-05 5.24821 14.60079
249 0.24900 -1753.86263 4061.57289 2307.71026 3.96918e-05 5.24751 14.57173
250 0.25000 -1753.29266 4061.02426 2307.73159 4.89368e-05 5.24680 14.54393
251 0.25100 -1753.04547 4060.79188 2307.74640 5.53543e-05 5.24650 14.51564
252 0.25200 -1753.35029 4061.10062 2307.75033 5.70573e-05 5.24690 14.48400
253 0.25300 -1754.28399 4062.02663 2307.74264 5.37245e-05 5.24810 14.44846
254 0.25400 -1755.75324 4063.47768 2307.72444 4.58379e-05 5.24997 14.41187
255 0.25500 -1757.50678 4065.20495 2307.69816 3.44494e-05 5.25220 14.37402
256 0.25600 -1759.17922 4066.84715 2307.66793 2.13495e-05 5.25432 14.33729
257 0.25700 -1760.35138 4067.98868 2307.63730 8.07533e-06 5.25580 14.30415
258 0.25800 -1760.61063 4068.22191 2307.61129 -3.19659e-06 5.25610 14.27715
259 0.25900 -1759.61074 4067.20303 2307.59229 -1.14286e-05 5.25478 14.25843
260 0.26000 -1757.11823 4064.70085 2307.58262 -1.56184e-05 5.25155 14.24872
261 0.26100 -1753.05414 4060.63880 2307.58467 -1.47333e-05 5.24630 14.24798
262 0.26200 -1747.52958 4055.13179 2307.60222 -7.12782e-06 5.23919 14.25712
263 0.26300 -1740.87673 4048.51020 2307.63347 6.41668e-06 5.23063 14.27359
264 0.26400 -1733.64022 4041.31671 2307.67649 2.50573e-05 5.22134 14.29331
265 0.26500 -1726.53004 4034.25372 2307.72368 4.55096e-05 5.21221 14.31266
266 0.26600 -1720.30456 4028.06912 2307.76456 6.32216e-05 5.20422 14.32750
267 0.26700 -1715.60991 4023.39820 2307.78829 7.35064e-05 5.19819 14.33350
268 0.26800 -1712.82090 4020.61000 2307.78909 7.38539e-05 5.19459 14.32919
269 0.26900 -1711.95978 4019.72886 2307.76908 6.51835e-05 5.19345 14.31495
270 0.27000 -1712.73042 4020.46719 2307.73678 5.11823e-05 5.19440 14.29090
271 0.27100 -1714.63954 4022.34269 2307.70316 3.66146e-05 5.19683 14.26063
272 0.27200 -1717.15365 4024.83013 2307.67649 2.50571e-05 5.20004 14.22703
273 0.27300 -1719.82212 4027.48214 2307.66002 1.79202e-05 5.20347 14.19347
274 0.27400 -1722.33262 4029.98610 2307.65348 1.50854e-05 5.20670 14.16048
275 0.27500 -1724.51404 4032.16685 2307.65281 1.47978e-05 5.20952 14.13005
276 0.27600 -1726.29762 4033.95332 2307.65571 1.60513e-05 5.21183 14.10199
277 0.27700 -1727.67677 4035.33582 2307.65906 1.75025e-05 5.21361 14.07588
278 0.27800 -1728.66626 4036.32822 2307.66196 1.87609e-05 5.21489 14.05312
279 0.27900 -1729.27972 4036.94313 2307.66341 1.93913e-05 5.21569 14.03314
280 0.28000 -1729.51765 4037.18125 2307.66360 1.94705e-05 5.21600 14.01552
281 0.28100 -1729.36958 4037.03191 2307.66233 1.89196e-05 5.21580 14.00055
282 0.28200 -1728.81659 4036.47718 2307.66059 1.81676e-05 5.21509 13.98874
283 0.28300 -1727.83798 4035.49769 2307.65971 1.77876e-05 5.21382 13.98016
284 0.28400 -1726.41725 4034.07568 2307.65842 1.72288e-05 5.21198 13.97471
285 0.28500 -1724.53695 4032.19282 2307.65588 1.61258e-05 5.20955 13.97209
286 0.28600 -1722.17137 4029.82411 2307.65274 1.47679e-05 5.20649 13.97403
287 0.28700 -1719.28028 4026.92734 2307.64706 1.23039e-05 5.20275 13.97864
288 0.28800 -1715.79508 4023.43425 2307.63917 8.88656e-06 5.19824 13.98725
289 0.28900 -1711.61864 4019.24799 2307.62935 4.63001e-06 5.19283 14.00101
290 0.29000 -1706.62792 4014.24555 2307.61763 -4.50884e-07 5.18636 14.02022
291 0.29100 -1700.67996 4008.28498 2307.60502 -5.91343e-06 5.17866 14.04588
292 0.29200 -1693.62488 4001.21783 2307.59295 -1.11451e-05 5.16953 14.07864
293 0.29300 -1685.32263 3992.90460 2307.58196 -1.59052e-05 5.15879 14.11909
294 0.29400 -1675.65890 3983.23167 2307.57276 -1.98919e-05 5.14629 14.16740
295 0.29500 -1664.55720 3972.12410 2307.56690 -2.24306e-05 5.13194 14.22516
296 0.29600 -1651.99244 3959.55760 2307.56515 -2.31892e-05 5.11571 14.29241
297 0.29700 -1638.00142 3945.56897 2307.56755 -2.21519e-05 5.09763 14.36794
298 0.29800 -1622.68855 3930.26265 2307.57410 -1.93134e-05 5.07786 14.45187
299 0.29900 -1606.22629 3913.81088 2307.58459 -1.47649e-05 5.05660 14.54239
300 0.30000 -1588.85252 3896.45109 2307.59857 -8.70749e-06 5.03417 14.63895
301 0.30100 -1570.86424 3878.47987 2307.61563 -1.31448e-06 5.01096 14.73903
302 0.30200 -1552.60714 3860.24139 2307.63424 6.74981e-06 4.98739 14.84073
303 0.30300 -1534.45975 3842.11281 2307.65307 1.49087e-05 4.96397 14.94231
304 0.30400 -1516.81351 3824.48602 2307.67251 2.33322e-05 4.94120 15.04084
305 0.30500 -1500.06108 3807.75107 2307.68999 3.09097e-05 4.91958 15.13367
306 0.30600 -1484.57183 3792.27772 2307.70590 3.78011e-05 4.89958 15.21915
307 0.30700 -1470.67870 3778.39774 2307.71903 4.34937e-05 4.88165 15.29482
308 0.30800 -1458.66857 3766.39729 2307.72872 4.76934e-05 4.86615 15.35906
309 0.30900 -1448.77473 3756.50977 2307.73504 5.04319e-05 4.85337 15.41059
310 0.31000 -1441.16966 3748.90713 2307.73747 5.14839e-05 4.84355 15.44814
311 0.31100 -1435.96056 3743.69678 2307.73622 5.09433e-05 4.83682 15.47161
312 0.31200 -1433.18244 3740.91271 2307.73026 4.83599e-05 4.83322 15.48077
313 0.31300 -1432.78571 3740.50488 2307.71917 4.35522e-05 4.83269 15.47426
314 0.31400 -1434.63050 3742.33214 2307.70165 3.59597e-05 4.83505 15.45437
315 0.31500 -1438.48157 3746.16132 2307.67975 2.64716e-05 4.84000 15.42266
316 0.31600 -1444.01501 3751.66727 2307.65226 1.45582e-05 4.84712 15.38037
317 0.31700 -1450.81817 3758.43929 2307.62112 1.06211e-06 4.85586 15.33041
318 0.31800 -1458.42074 3766.00937 2307.58863 -1.30174e-05 4.86565 15.27492
319 0.31900 -1466.32405 3773.88092 2307.55687 -2.67771e-05 4.87582 15.21791
320 0.32000 -1474.03985 3781.57051 2307.53066 -3.81388e-05 4.88575 15.16207
321 0.32100 -1481.14985 3788.66194 2307.51209 -4.61843e-05 4.89491 15.10922
322 0.32200 -1487.34899 3794.85227 2307.50328 -5.00019e-05 4.90291 15.06189
323 0.32300 -1492.48162 3799.98781 2307.50618 -4.87439e-05 4.90954 15.02090
324 0.32400 -1496.55966 3804.07793 2307.51827 -4.35070e-05 4.91483 14.98618
325 0.32500 -1499.74322 3807.28244 2307.53922 -3.44263e-05 4.91897 14.95660
326 0.32600 -1502.30916 3809.87303 2307.56387 -2.37470e-05 4.92232 14.93109
327 0.32700 -1504.58981 3812.17809 2307.58828 -1.31682e-05 4.92529 14.90774
328 0.32800 -1506.91115 3814.51896 2307.60781 -4.70644e-06 4.92832 14.88460
329 0.32900 -1509.52830 3817.14795 2307.61966 4.29279e-07 4.93172 14.85978
330 0.33000 -1512.58001 3820.20213 2307.62213 1.50080e-06 4.93566 14.83332
331 0.33100 -1516.06565 3823.68068 2307.61502 -1.57931e-06 4.94016 14.80502
332 0.33200 -1519.84294 3827.44127 2307.59833 -8.81288e-06 4.94501 14.77568
333 0.33300 -1523.63616 3831.21154 2307.57538 -1.87593e-05 4.94989 14.74685
334 0.33400 -1527.07309 3834.62229 2307.54919 -3.01052e-05 4.95429 14.72156
335 0.33500 -1529.72795 3837.24936 2307.52141 -4.21436e-05 4.95769 14.70129
336 0.33600 -1531.16243 3838.65757 2307.49514 -5.35316e-05 4.95951 14.68933
337 0.33700 -1530.97366 3838.44812 2307.47446 -6.24904e-05 4.95924 14.68846
338 0.33800 -1528.83990 3836.30053 2307.46063 -6.84857e-05 4.95646 14.69960
339 0.33900 -1524.55473 3832.00997 2307.45524 -7.08182e-05 4.95092 14.72385
340 0.34000 -1518.05767 3825.51849 2307.46082 -6.84017e-05 4.94253 14.76208
341 0.34100 -1509.45638 3816.93342 2307.47704 -6.13734e-05 4.93144 14.81420
342 0.34200 -1499.02349 3806.52590 2307.50242 -5.03757e-05 4.91799 14.87744
343 0.34300 -1487.18049 3794.71633 2307.53584 -3.58939e-05 4.90273 14.94981
344 0.34400 -1474.46701 3782.03930 2307.57229 -2.00988e-05 4.88636 15.02736
345 0.34500 -1461.47824 3769.08625 2307.60801 -4.61693e-06 4.86962 15.10789
346 0.34600 -1448.79975 3756.43768 2307.63793 8.34708e-06 4.85328 15.18696
347 0.34700 -1436.93739 3744.59603 2307.65864 1.73230e-05 4.83798 15.26192
348 0.34800 -1426.26214 3733.93125 2307.66912 2.18622e-05 4.82420 15.33000
349 0.34900 -1416.98072 3724.64879 2307.66807 2.14103e-05 4.81221 15.39024
350 0.35000 -1409.13584 3716.79480 2307.65895 1.74583e-05 4.80206 15.44173
351 0.35100 -1402.64451 3710.28936 2307.64484 1.13442e-05 4.79366 15.48579
352 0.35200 -1397.34271 3704.97170 2307.62899 4.47385e-06 4.78679 15.52299
353 0.35300 -1393.03558 3700.64884 2307.61326 -2.34141e-06 4.78120 15.55520
354 0.35400 -1389.52917 3697.12891 2307.59974 -8.20295e-06 4.77665 15.58265
355 0.35500 -1386.64186 3694.22814 2307.58628 -1.40335e-05 4.77290 15.60691
356 0.35600 -1384.18905 3691.76066 2307.57161 -2.03904e-05 4.76972 15.62851
357 0.35700 -1381.95976 3689.51415 2307.55439 -2.78549e-05 4.76681 15.64859
358 0.35800 -1379.69365 3687.22727 2307.53362 -3.68548e-05 4.76386 15.66869
359 0.35900 -1377.07663 3684.58691 2307.51028 -4.69681e-05 4.76045 15.69191
360 0.36000 -1373.76102 3681.24880 2307.48778 -5.67181e-05 4.75614 15.71868
361 0.36100 -1369.41365 3676.88399 2307.47035 -6.42738e-05 4.75050 15.75183
362 0.36200 -1363.76987 3671.23057 2307.46070 -6.84547e-05 4.74319 15.79198
363 0.36300 -1356.67950 3664.14061 2307.46111 -6.82747e-05 4.73403 15.84116
364 0.36400 -1348.13774 3655.60784 2307.47010 -6.43813e-05 4.72301 15.89848
365 0.36500 -1338.27747 3645.76412 2307.48665 -5.72104e-05 4.71029 15.96375
366 0.36600 -1327.34754 3634.85563 2307.50809 -4.79174e-05 4.69620 16.03580
367 0.36700 -1315.66879 3623.19828 2307.52950 -3.86418e-05 4.68113 16.11245
368 0.36800 -1303.57543 3611.12516 2307.54973 -2.98711e-05 4.66554 16.19074
369 0.36900 -1291.37305 3598.93832 2307.56527 -2.31388e-05 4.64979 16.26977
370 0.37000 -1279.30505 3586.88181 2307.57676 -1.81580e-05 4.63421 16.34776
371 0.37100 -1267.55514 3575.14026 2307.58512 -1.45362e-05 4.61904 16.42459
372 0.37200 -1256.26104 3563.85415 2307.59312 -1.10717e-05 4.60446 16.49774
373 0.37300 -1245.54957 3553.15190 2307.60233 -7.08060e-06 4.59064 16.56732
374 0.37400 -1235.56526 3543.17898 2307.61372 -2.14305e-06 4.57775 16.63174
375 0.37500 -1226.48359 3534.11168 2307.62810 4.08658e-06 4.56604 16.69085
376 0.37600 -1218.50931 3526.15177 2307.64246 1.03098e-05 4.55575 16.74335
377 0.37700 -1211.84948 3519.50544 2307.65596 1.61605e-05 4.54716 16.78768
378 0.37800 -1206.68564 3514.35092 2307.66528 2.01998e-05 4.54051 16.82356
379 0.37900 -1203.13831 3510.80709 2307.66879 2.17190e-05 4.53593 16.84917
380 0.38000 -1201.24681 3508.91291 2307.66611 2.05581e-05 4.53348 16.86442
381 0.38100 -1200.95578 3508.61367 2307.65790 1.70000e-05 4.53309 16.86983
382 0.38200 -1202.12053 3509.76518 2307.64465 1.12595e-05 4.53458 16.86699
383 0.38300 -1204.52003 3512.14681 2307.62677 3.51327e-06 4.53766 16.85617
384 0.38400 -1207.86785 3515.47490 2307.60705 -5.03497e-06 4.54196 16.84017
385 0.38500 -1211.83964 3519.42573 2307.58609 -1.41173e-05 4.54706 16.82019
386 0.38600 -1216.09307 3523.65908 2307.56601 -2.28184e-05 4.55253 16.79909
387 0.38700 -1220.29066 3527.83781 2307.54715 -3.09922e-05 4.55793 16.77844
388 0.38800 -1224.11668 3531.64699 2307.53031 -3.82896e-05 4.56285 16.75992
389 0.38900 -1227.29394 3534.81075 2307.51680 -4.41413e-05 4.56694 16.74488
390 0.39000 -1229.60043 3537.10855 2307.50812 -4.79036e-05 4.56991 16.73584
391 0.39100 -1230.88236 3538.38650 2307.50414 -4.96309e-05 4.57156 16.73284
392 0.39200 -1231.05798 3538.56240 2307.50443 -4.95050e-05 4.57179 16.73670
393 0.39300 -1230.11874 3537.62873 2307.50999 -4.70938e-05 4.57058 16.74755
394 0.39400 -1228.13166 3535.65096 2307.51930 -4.30596e-05 4.56802 16.76457
395 0.39500 -1225.22685 3532.75951 2307.53266 -3.72709e-05 4.56429 16.78743
396 0.39600 -1221.59130 3529.14055 2307.54925 -3.00816e-05 4.55961 16.81487
397 0.39700 -1217.45689 3525.02350 2307.56661 -2.25585e-05 4.55429 16.84546
398 0.39800 -1213.07961 3520.66466 2307.58504 -1.45712e-05 4.54866 16.87827
399 0.39900 -1208.72575 3516.32896 2307.60321 -6.69731e-06 4.54306 16.91086
400 0.40000 -1204.65060 3512.26953 2307.61893 1.12492e-07 4.53782 16.94155
401 0.40100 -1201.07736 3508.70899 2307.63163 5.61804e-06 4.53322 16.96948
402 0.40200 -1198.18312 3505.82381 2307.64069 9.54433e-06 4.52949 16.99295
403 0.40300 -1196.08732 3503.73268 2307.64536 1.15686e-05 4.52679 17.01294
404 0.40400 -1194.84354 3502.49017 2307.64663 1.21173e-05 4.52518 17.02750
405 0.40500 -1194.44763 3502.09124 2307.64362 1.08118e-05 4.52467 17.03802
406 0.40600 -1194.84110 3502.47845 2307.63735 8.09583e-06 4.52517 17.04418
407 0.40700 -1195.91771 3503.54715 2307.62944 4.66782e-06 4.52655 17.04541
408 0.40800 -1197.53857 3505.15829 2307.61972 4.56314e-07 4.52863 17.04357
409 0.40900 -1199.53984 3507.14932 2307.60948 -3.98146e-06 4.53120 17.03993
410 0.41000 -1201.74696 3509.34636 2307.59941 -8.34629e-06 4.53404 17.03487
411 0.41100 -1203.98680 3511.57636 2307.58956 -1.26150e-05 4.53692 17.02913
412 0.41200 -1206.09525 3513.67553 2307.58029 -1.66318e-05 4.53963 17.02453
413 0.41300 -1207.92566 3515.49909 2307.57344 -1.96000e-05 4.54199 17.02151
414 0.41400 -1209.35727 3516.92494 2307.56766 -2.21017e-05 4.54383 17.02078
415 0.41500 -1210.29065 3517.85414 2307.56348 -2.39132e-05 4.54503 17.02287
416 0.41600 -1210.65222 3518.21242 2307.56020 -2.53370e-05 4.54549 17.02859
417 0.41700 -1210.38980 3517.94783 2307.55803 -2.62762e-05 4.54515 17.03803
418 0.41800 -1209.46990 3517.02690 2307.55700 -2.67227e-05 4.54396 17.05123
419 0.41900 -1207.87727 3515.43422 2307.55695 -2.67454e-05 4.54190 17.06839
420 0.42000 -1205.61428 3513.17199 2307.55771 -2.64171e-05 4.53898 17.09011
421 0.42100 -1202.70180 3510.26194 2307.56015 -2.53582e-05 4.53522 17.11445
422 0.42200 -1199.18298 3506.74731 2307.56434 -2.35440e-05 4.53068 17.14263
423 0.42300 -1195.12573 3502.69458 2307.56885 -2.15879e-05 4.52545 17.17426
424 0.42400 -1190.61664 3498.19158 2307.57494 -1.89497e-05 4.51963 17.20848
425 0.42500 -1185.76059 3493.34157 2307.58098 -1.63305e-05 4.51336 17.24468
426 0.42600 -1180.66661 3488.25336 2307.58675 -1.38304e-05 4.50679 17.28220
427 0.42700 -1175.43828 3483.02838 2307.59010 -1.23790e-05 4.50004 17.32043
428 0.42800 -1170.15779 3477.74916 2307.59138 -1.18246e-05 4.49322 17.35865
429 0.42900 -1164.87704 3472.46697 2307.58993 -1.24535e-05 4.48639 17.39675
430 0.43000 -1159.61096 3467.19727 2307.58631 -1.40197e-05 4.47958 17.43435
431 0.43100 -1154.34592 3461.92722 2307.58130 -1.61928e-05 4.47277 17.47208
432 0.43200 -1149.05869 3456.63553 2307.57685 -1.81227e-05 4.46594 17.51011
433 0.43300 -1143.74475 3451.32083 2307.57608 -1.84551e-05 4.45907 17.54740
434 0.43400 -1138.45602 3446.03724 2307.58122 -1.62252e-05 4.45224 17.58449
435 0.43500 -1133.33365 3440.92753 2307.59388 -1.07407e-05 4.44564 17.62043
436 0.43600 -1128.62205 3436.23485 2307.61280 -2.53995e-06 4.43958 17.65328
437 0.43700 -1124.64739 3432.28139 2307.63400 6.64381e-06 4.43447 17.68141
438 0.43800 -1121.75540 3429.40659 2307.65119 1.40940e-05 4.43076 17.70370
439 0.43900 -1120.21395 3427.87089 2307.65694 1.65869e-05 4.42877 17.71816
440 0.44000 -1120.11131 3427.75823 2307.64692 1.22450e-05 4.42863 17.72356
441 0.44100 -1121.29733 3428.91979 2307.62246 1.64548e-06 4.43013 17.72163
442 0.44200 -1123.39489 3430.98344 2307.58855 -1.30520e-05 4.43280 17.71411
443 0.44300 -1125.87832 3433.43040 2307.55208 -2.88531e-05 4.43596 17.70374
444 0.44400 -1128.18247 3435.70419 2307.52172 -4.20129e-05 4.43889 17.69419
445 0.44500 -1129.81313 3437.31476 2307.50163 -5.07162e-05 4.44098 17.68883
446 0.44600 -1130.41636 3437.90854 2307.49219 -5.48099e-05 4.44174 17.68980
447 0.44700 -1129.79645 3437.28918 2307.49273 -5.45750e-05 4.44094 17.69757
448 0.44800 -1127.90326 3435.40325 2307.49999 -5.14284e-05 4.43851 17.71296
449 0.44900 -1124.79495 3432.30580 2307.51085 -4.67207e-05 4.43450 17.73422
450 0.45000 -1120.59250 3428.11614 2307.52365 -4.11763e-05 4.42909 17.76329
451 0.45100 -1115.44297 3422.97838 2307.53541 -3.60800e-05 4.42245 17.79768
452 0.45200 -1109.49177 3417.03734 2307.54557 -3.16752e-05 4.41478 17.83664
453 0.45300 -1102.87184 3410.42562 2307.55378 -2.81175e-05 4.40623 17.87971
454 0.45400 -1095.69590 3403.25666 2307.56076 -2.50936e-05 4.39697 17.92567
455 0.45500 -1088.06388 3395.63073 2307.56686 -2.24516e-05 4.38712 17.97514
456 0.45600 -1080.07113 3387.64494 2307.57381 -1.94373e-05 4.37680 18.02601
457 0.45700 -1071.82138 3379.40354 2307.58216 -1.58198e-05 4.36615 18.07907
458 0.45800 -1063.43424 3371.02478 2307.59054 -1.21904e-05 4.35533 18.13242
459 0.45900 -1055.04372 3362.64403 2307.60032 -7.95218e-06 4.34450 18.18505
460 0.46000 -1046.80620 3354.41763 2307.61143 -3.13499e-06 4.33387 18.23649
461 0.46100 -1038.89526 3346.51788 2307.62262 1.71203e-06 4.32367 18.28572
462 0.46200 -1031.49223 3339.12631 2307.63408 6.67975e-06 4.31412 18.33134
463 0.46300 -1024.77888 3332.42308 2307.64420 1.10668e-05 4.30546 18.37294
464 0.46400 -1018.92253 3326.57459 2307.65205 1.44683e-05 4.29790 18.40898
465 0.46500 -1014.06085 3321.71896 2307.65812 1.70959e-05 4.29163 18.43900
466 0.46600 -1010.29544 3317.95592 2307.66048 1.81218e-05 4.28676 18.46212
467 0.46700 -1007.68053 3315.34039 2307.65986 1.78529e-05 4.28339 18.47865
468 0.46800 -1006.22145 3313.87852 2307.65707 1.66439e-05 4.28150 18.48754
469 0.46900 -1005.88030 3313.53166 2307.65136 1.41670e-05 4.28105 18.48921
470 0.47000 -1006.57976 3314.22328 2307.64353 1.07728e-05 4.28194 18.48498
471 0.47100 -1008.21357 3315.84876 2307.63518 7.15843e-06 4.28404 18.47375
472 0.47200 -1010.65862 3318.28469 2307.62606 3.20604e-06 4.28719 18.45791
473 0.47300 -1013.77895 3321.39494 2307.61599 -1.15767e-06 4.29121 18.43727
474 0.47400 -1017.43023 3325.03622 2307.60599 -5.49133e-06 4.29591 18.41341
475 0.47500 -1021.47043 3329.06724 2307.59681 -9.47050e-06 4.30112 18.38676
476 0.47600 -1025.76617 3333.35446 2307.58829 -1.31641e-05 4.30666 18.35855
477 0.47700 -1030.20075 3337.78237 2307.58162 -1.60522e-05 4.31238 18.32911
478 0.47800 -1034.68895 3342.26686 2307.57792 -1.76590e-05 4.31817 18.29869
479 0.47900 -1039.18744 3346.76434 2307.57690 -1.80989e-05 4.32398 18.26812
480 0.48000 -1043.69991 3351.27959 2307.57968 -1.68963e-05 4.32982 18.23711
481 0.48100 -1048.28023 3355.86466 2307.58443 -1.48343e-05 4.33574 18.20562
482 0.48200 -1053.01797 3360.60938 2307.59141 -1.18125e-05 4.34187 18.17294
483 0.48300 -1058.02404 3365.62279 2307.59875 -8.63147e-06 4.34835 18.13804
484 0.48400 -1063.40397 3371.00779 2307.60381 -6.43593e-06 4.35531 18.10152
485 0.48500 -1069.23400 3376.84094 2307.60694 -5.08210e-06 4.36284 18.06120
486 0.48600 -1075.55101 3383.15765 2307.60663 -5.21405e-06 4.37100 18.01912
487 0.48700 -1082.34400 3389.94757 2307.60358 -6.53938e-06 4.37978 17.97436
488 0.48800 -1089.56305 3397.16201 2307.59896 -8.53988e-06 4.38910 17.92640
489 0.48900 -1097.12795 3404.72088 2307.59293 -1.11523e-05 4.39886 17.87652
490 0.49000 -1104.93322 3412.51946 2307.58624 -1.40529e-05 4.40894 17.82599
491 0.49100 -1112.85309 3420.43209 2307.57899 -1.71926e-05 4.41916 17.77448
492 0.49200 -1120.74690 3428.31741 2307.57051 -2.08696e-05 4.42935 17.72365
493 0.49300 -1128.45957 3436.02158 2307.56201 -2.45502e-05 4.43930 17.67364
494 0.49400 -1135.83112 3443.38525 2307.55412 -2.79690e-05 4.44882 17.62577
495 0.49500 -1142.71071 3450.25878 2307.54807 -3.05926e-05 4.45770 17.58154
496 0.49600 -1148.97296 3456.51747 2307.54451 -3.21351e-05 4.46578 17.54095
497 0.49700 -1154.52796 3462.07183 2307.54387 -3.24110e-05 4.47296 17.50510
498 0.49800 -1159.32731 3466.87276 2307.54546 -3.17254e-05 4.47916 17.47421
499 0.49900 -1163.36160 3470.91079 2307.54919 -3.01073e-05 4.48438 17.44800
500 0.50000 -1166.64988 3474.20324 2307.55336 -2.82988e-05 4.48863 17.42661
501 0.50100 -1169.22650 3476.78413 2307.55763 -2.64478e-05 4.49197 17.41017
502 0.50200 -1171.13056 3478.69138 2307.56082 -2.50675e-05 4.49443 17.39755
503 0.50300 -1172.39047 3479.95333 2307.56286 -2.41853e-05 4.49606 17.38844
504 0.50400 -1173.02455 3480.58843 2307.56388 -2.37411e-05 4.49688 17.38378
505 0.50500 -1173.04209 3480.60606 2307.56397 -2.37025e-05 4.49691 17.38344
506 0.50600 -1172.44946 3480.01475 2307.56529 -2.31305e-05 4.49614 17.38676
507 0.50700 -1171.26578 3478.83316 2307.56738 -2.22240e-05 4.49462 17.39395
508 0.50800 -1169.53249 3477.10416 2307.57167 -2.03650e-05 4.49238 17.40380
509 0.50900 -1167.33279 3474.91238 2307.57959 -1.69320e-05 4.48955 17.41674
510 0.51000 -1164.80127 3472.39273 2307.59146 -1.17908e-05 4.48630 17.43168
511 0.51100 -1162.12797 3469.73406 2307.60609 -5.45116e-06 4.48286 17.44756
512 0.51200 -1159.55205 3467.17558 2307.62353 2.10963e-06 4.47956 17.46311
513 0.51300 -1157.34904 3464.99029 2307.64125 9.78544e-06 4.47673 17.47648
514 0.51400 -1155.80188 3463.45935 2307.65747 1.68168e-05 4.47475 17.48534
515 0.51500 -1155.16976 3462.84005 2307.67028 2.23689e-05 4.47395 17.48844
516 0.51600 -1155.65204 3463.32994 2307.67791 2.56714e-05 4.47459 17.48565
517 0.51700 -1157.36262 3465.04120 2307.67858 2.59653e-05 4.47680 17.47529
518 0.51800 -1160.31308 3467.98611 2307.67303 2.35590e-05 4.48060 17.45712
519 0.51900 -1164.41544 3472.07794 2307.66249 1.89925e-05 4.48589 17.43268
520 0.52000 -1169.49966 3477.14825 2307.64859 1.29690e-05 4.49244 17.40252
521 0.52100 -1175.33999 3482.97298 2307.63298 6.20466e-06 4.49997 17.36756
522 0.52200 -1181.68200 3489.29959 2307.61759 -4.66436e-07 4.50814 17.32941
523 0.52300 -1188.26927 3495.87178 2307.60251 -7.00162e-06 4.51663 17.28997
524 0.52400 -1194.85623 3502.44623 2307.59000 -1.24225e-05 4.52512 17.25035
525 0.52500 -1201.22009 3508.79940 2307.57931 -1.70557e-05 4.53333 17.21215
526 0.52600 -1207.16058 3514.73083 2307.57025 -2.09806e-05 4.54100 17.17714
527 0.52700 -1212.50236 3520.06428 2307.56192 -2.45925e-05 4.54789 17.14509
528 0.52800 -1217.09019 3524.64553 2307.55534 -2.74411e-05 4.55381 17.11809
529 0.52900 -1220.79211 3528.34161 2307.54950 -2.99739e-05 4.55858 17.09582
530 0.53000 -1223.49540 3531.04064 2307.54524 -3.18183e-05 4.56207 17.07925
531 0.53100 -1225.11173 3532.65516 2307.54342 -3.26059e-05 4.56415 17.06944
532 0.53200 -1225.58411 3533.12650 2307.54239 -3.30553e-05 4.56476 17.06697
533 0.53300 -1224.88367 3532.42738 2307.54371 -3.24799e-05 4.56386 17.07170
534 0.53400 -1223.02020 3530.56768 2307.54748 -3.08485e-05 4.56146 17.08347
535 0.53500 -1220.04207 3527.59571 2307.55364 -2.81784e-05 4.55762 17.10226
536 0.53600 -1216.04032 3523.60236 2307.56204 -2.45407e-05 4.55246 17.12720
537 0.53700 -1211.15106 3518.72443 2307.57337 -1.96279e-05 4.54616 17.15769
538 0.53800 -1205.55609 3513.14289 2307.58681 -1.38062e-05 4.53894 17.19240
539 0.53900 -1199.47731 3507.08050 2307.60319 -6.70848e-06 4.53111 17.23037
540 0.54000 -1193.17369 3500.79533 2307.62164 1.28816e-06 4.52299 17.26958
541 0.54100 -1186.93022 3494.57086 2307.64065 9.52642e-06 4.51495 17.30845
542 0.54200 -1181.04295 3488.70162 2307.65867 1.73338e-05 4.50737 17.34571
543 0.54300 -1175.80079 3483.47492 2307.67412 2.40324e-05 4.50061 17.37933
544 0.54400 -1171.45835 3479.14488 2307.68653 2.94077e-05 4.49502 17.40754
545 0.54500 -1168.21235 3475.90554 2307.69319 3.22944e-05 4.49083 17.42973
546 0.54600 -1166.17622 3473.86866 2307.69245 3.19721e-05 4.48820 17.44496
547 0.54700 -1165.35813 3473.04313 2307.68499 2.87431e-05 4.48714 17.45328
548 0.54800 -1165.65549 3473.32589 2307.67040 2.24175e-05 4.48750 17.45460
549 0.54900 -1166.85824 3474.50813 2307.64989 1.35316e-05 4.48903 17.45115
550 0.55000 -1168.66365 3476.28772 2307.62407 2.34087e-06 4.49133 17.44418
551 0.55100 -1170.69918 3478.29597 2307.59679 -9.47782e-06 4.49392 17.43656
552 0.55200 -1172.56258 3480.13160 2307.56902 -2.15128e-05 4.49629 17.42977
553 0.55300 -1173.84944 3481.39350 2307.54406 -3.23297e-05 4.49792 17.42624
554 0.55400 -1174.19458 3481.71798 2307.52340 -4.12823e-05 4.49834 17.42761
555 0.55500 -1173.30516 3480.81334 2307.50818 -4.78786e-05 4.49717 17.43741
556 0.55600 -1170.98380 3478.48481 2307.50101 -5.09857e-05 4.49417 17.45452
557 0.55700 -1167.15148 3474.65397 2307.50249 -5.03464e-05 4.48922 17.48095
558 0.55800 -1161.85878 3469.37090 2307.51212 -4.61695e-05 4.48239 17.51617
559 0.55900 -1155.28525 3462.81468 2307.52943 -3.86703e-05 4.47392 17.55954
560 0.56000 -1147.72861 3455.28225 2307.55364 -2.81792e-05 4.46419 17.60808
561 0.56100 -1139.58345 3447.16454 2307.58109 -1.62848e-05 4.45370 17.65988
562 0.56200 -1131.30230 3438.91160 2307.60930 -4.05856e-06 4.44304 17.71250
563 0.56300 -1123.34874 3430.98396 2307.63521 7.17047e-06 4.43280 17.76375
564 0.56400 -1116.14800 3423.80431 2307.65631 1.63144e-05 4.42352 17.80976
565 0.56500 -1110.04561 3417.71526 2307.66965 2.20918e-05 4.41565 17.84892
566 0.56600 -1105.26741 3412.94224 2307.67483 2.43388e-05 4.40949 17.88084
567 0.56700 -1101.90950 3409.58149 2307.67199 2.31080e-05 4.40514 17.90434
568 0.56800 -1099.94572 3407.60995 2307.66423 1.97447e-05 4.40260 17.91939
569 0.56900 -1099.25959 3406.91229 2307.65271 1.47523e-05 4.40170 17.92614
570 0.57000 -1099.68050 3407.32236 2307.64186 1.00501e-05 4.40223 17.92665
571 0.57100 -1101.02996 3408.66220 2307.63224 5.88350e-06 4.40396 17.92152
572 0.57200 -1103.14542 3410.77126 2307.62584 3.11001e-06 4.40668 17.91177
573 0.57300 -1105.90113 3413.52339 2307.62226 1.55765e-06 4.41024 17.89830
574 0.57400 -1109.20501 3416.82498 2307.61998 5.67493e-07 4.41450 17.88128
575 0.57500 -1112.98383 3420.60156 2307.61773 -4.04905e-07 4.41938 17.86096
576 0.57600 -1117.16616 3424.78143 2307.61527 -1.47177e-06 4.42478 17.83829
577 0.57700 -1121.66973 3429.28105 2307.61132 -3.18471e-06 4.43060 17.81398
578 0.57800 -1126.39238 3433.99851 2307.60613 -5.43216e-06 4.43669 17.78802
579 0.57900 -1131.21089 3438.81034 2307.59945 -8.32827e-06 4.44291 17.76153
580 0.58000 -1135.98237 3443.57408 2307.59171 -1.16824e-05 4.44906 17.73576
581 0.58100 -1140.55249 3448.13563 2307.58313 -1.53975e-05 4.45496 17.71082
582 0.58200 -1144.75878 3452.33330 2307.57452 -1.91288e-05 4.46038 17.68887
583 0.58300 -1148.43768 3456.00373 2307.56605 -2.28007e-05 4.46512 17.66996
584 0.58400 -1151.42920 3458.98677 2307.55757 -2.64757e-05 4.46898 17.65590
585 0.58500 -1153.57798 3461.12709 2307.54911 -3.01430e-05 4.47174 17.64658
586 0.58600 -1154.73619 3462.27736 2307.54118 -3.35801e-05 4.47323 17.64404
587 0.58700 -1154.76607 3462.30007 2307.53400 -3.66890e-05 4.47326 17.64857
588 0.58800 -1153.54815 3461.07580 2307.52766 -3.94380e-05 4.47167 17.66033
589 0.58900 -1150.98874 3458.51246 2307.52371 -4.11475e-05 4.46836 17.68027
590 0.59000 -1147.03207 3454.55458 2307.52251 -4.16686e-05 4.46325 17.70836
591 0.59100 -1141.66964 3449.19509 2307.52546 -4.03919e-05 4.45632 17.74536
592 0.59200 -1134.95246 3442.48516 2307.53271 -3.72501e-05 4.44766 17.79011
593 0.59300 -1126.99941 3434.54308 2307.54367 -3.24994e-05 4.43739 17.84233
594 0.59400 -1117.99862 3425.55805 2307.55943 -2.56687e-05 4.42579 17.90078
595 0.59500 -1108.20855 3415.78734 2307.57879 -1.72802e-05 4.41316 17.96357
596 0.59600 -1097.94366 3405.54473 2307.60108 -7.62201e-06 4.39993 18.02899
597 0.59700 -1087.56140 3395.18667 2307.62527 2.86022e-06 4.38655 18.09447
598 0.59800 -1077.44177 3385.09057 2307.64880 1.30566e-05 4.37350 18.15841
599 0.59900 -1067.95684 3375.62715 2307.67031 2.23792e-05 4.36128 18.21802
600 0.60000 -1059.45058 3367.13901 2307.68843 3.02319e-05 4.35031 18.27194
601 0.60100 -1052.21730 3359.92012 2307.70282 3.64665e-05 4.34098 18.31793
602 0.60200 -1046.48998 3354.20305 2307.71307 4.09095e-05 4.33360 18.35467
603 0.60300 -1042.43471 3350.15415 2307.71944 4.36710e-05 4.32836 18.38106
604 0.60400 -1040.15302 3347.87476 2307.72174 4.46662e-05 4.32542 18.39553
605 0.60500 -1039.68624 3347.40789 2307.72165 4.46260e-05 4.32482 18.39922
606 0.60600 -1041.02957 3348.74822 2307.71865 4.33271e-05 4.32655 18.39107
607 0.60700 -1044.13873 3351.85342 2307.71469 4.16116e-05 4.33056 18.37243
608 0.60800 -1048.93801 3356.64719 2307.70918 3.92236e-05 4.33675 18.34327
609 0.60900 -1055.32104 3363.02329 2307.70225 3.62201e-05 4.34499 18.30320
610 0.61000 -1063.15725 3370.85132 2307.69407 3.26746e-05 4.35511 18.25398
611 0.61100 -1072.29457 3379.97888 2307.68431 2.84448e-05 4.36690 18.19649
612 0.61200 -1082.55700 3390.23112 2307.67412 2.40321e-05 4.38014 18.13166
613 0.61300 -1093.75325 3401.41685 2307.66359 1.94693e-05 4.39460 18.06014
614 0.61400 -1105.68156 3413.33403 2307.65246 1.46462e-05 4.40999 17.98388
615 0.61500 -1118.13090 3425.77193 2307.64103 9.68948e-06 4.42606 17.90464
616 0.61600 -1130.88832 3438.51863 2307.63031 5.04797e-06 4.44253 17.82375
617 0.61700 -1143.74550 3451.36604 2307.62054 8.12664e-07 4.45913 17.74129
618 0.61800 -1156.50317 3464.11415 2307.61097 -3.33313e-06 4.47560 17.65965
619 0.61900 -1168.97036 3476.57328 2307.60292 -6.82562e-06 4.49170 17.57935
620 0.62000 -1180.97119 3488.56709 2307.59590 -9.86493e-06 4.50719 17.50151
621 0.62100 -1192.34645 3499.93682 2307.59037 -1.22617e-05 4.52188 17.42785
622 0.62200 -1202.95807 3510.54336 2307.58528 -1.44661e-05 4.53559 17.35863
623 0.62300 -1212.68801 3520.26975 2307.58174 -1.60027e-05 4.54815 17.29526
624 0.62400 -1221.44219 3529.02196 2307.57976 -1.68578e-05 4.55946 17.23734
625 0.62500 -1229.15266 3536.73205 2307.57940 -1.70173e-05 4.56942 17.18663
626 0.62600 -1235.77774 3543.35851 2307.58077 -1.64210e-05 4.57798 17.14230
627 0.62700 -1241.30086 3548.88397 2307.58311 -1.54079e-05 4.58512 17.10532
628 0.62800 -1245.72752 3553.31405 2307.58653 -1.39261e-05 4.59085 17.07473
629 0.62900 -1249.08385 3556.67425 2307.59040 -1.22488e-05 4.59519 17.05124
630 0.63000 -1251.41015 3559.00571 2307.59556 -1.00126e-05 4.59820 17.03483
631 0.63100 -1252.75774 3560.35816 2307.60042 -7.90711e-06 4.59995 17.02423
632 0.63200 -1253.18205 3560.78719 2307.60514 -5.86157e-06 4.60050 17.01983
633 0.63300 -1252.74051 3560.34980 2307.60929 -4.06460e-06 4.59994 17.02071
634 0.63400 -1251.48598 3559.09822 2307.61224 -2.78370e-06 4.59832 17.02793
635 0.63500 -1249.46128 3557.07552 2307.61424 -1.91665e-06 4.59570 17.03972
636 0.63600 -1246.69972 3554.31496 2307.61524 -1.48484e-06 4.59214 17.05700
637 0.63700 -1243.22526 3550.84095 2307.61569 -1.29059e-06 4.58765 17.07931
638 0.63800 -1239.05397 3546.66911 2307.61515 -1.52583e-06 4.58226 17.10606
639 0.63900 -1234.19458 3541.80860 2307.61402 -2.01430e-06 4.57598 17.13690
640 0.64000 -1228.65063 3536.26333 2307.61270 -2.58525e-06 4.56882 17.17290
641 0.64100 -1222.42636 3530.03762 2307.61126 -3.21089e-06 4.56077 17.21336
642 0.64200 -1215.52936 3523.13928 2307.60992 -3.79018e-06 4.55186 17.25824
643 0.64300 -1207.97181 3515.58074 2307.60893 -4.21901e-06 4.54209 17.30776
644 0.64400 -1199.77666 3507.38558 2307.60892 -4.22406e-06 4.53151 17.36116
645 0.64500 -1190.98248 3498.59227 2307.60979 -3.84515e-06 4.52015 17.41897
646 0.64600 -1181.64511 3489.25745 2307.61234 -2.73988e-06 4.50808 17.48015
647 0.64700 -1171.84432 3479.46072 2307.61640 -9.82952e-07 4.49543 17.54426
648 0.64800 -1161.68457 3469.30689 2307.62232 1.58405e-06 4.48231 17.61035
649 0.64900 -1151.29769 3458.92798 2307.63029 5.03784e-06 4.46890 17.67787
650 0.65000 -1140.84329 3448.48284 2307.63955 9.05197e-06 4.45540 17.74533
651 0.65100 -1130.50185 3438.15169 2307.64985 1.35114e-05 4.44206 17.81304
652 0.65200 -1120.46793 3428.12834 2307.66040 1.80874e-05 4.42911 17.87837
653 0.65300 -1110.94273 3418.61365 2307.67092 2.26448e-05 4.41681 17.94012
654 0.65400 -1102.12035 3409.80113 2307.68078 2.69181e-05 4.40543 17.99767
655 0.65500 -1094.17847 3401.86780 2307.68934 3.06247e-05 4.39518 18.04987
656 0.65600 -1087.27332 3394.96927 2307.69594 3.34873e-05 4.38627 18.09517
657 0.65700 -1081.53027 3389.23145 2307.70118 3.57593e-05 4.37885 18.13268
658 0.65800 -1077.04437 3384.74840 2307.70403 3.69910e-05 4.37306 18.16246
659 0.65900 -1073.87175 3381.57701 2307.70526 3.75253e-05 4.36896 18.18379
660 0.66000 -1072.03244 3379.73602 2307.70358 3.67966e-05 4.36658 18.19645
661 0.66100 -1071.50873 3379.20942 2307.70070 3.55472e-05 4.36590 18.20093
662 0.66200 -1072.25272 3379.94866 2307.69593 3.34842e-05 4.36686 18.19659
663 0.66300 -1074.18499 3381.87486 2307.68987 3.08567e-05 4.36935 18.18482
664 0.66400 -1077.20270 3384.88554 2307.68284 2.78097e-05 4.37324 18.16596
665 0.66500 -1081.18947 3388.86525 2307.67578 2.47493e-05 4.37838 18.14034
666 0.66600 -1086.02613 3393.69545 2307.66933 2.19534e-05 4.38462 18.10921
667 0.66700 -1091.59465 3399.25839 2307.66373 1.95290e-05 4.39181 18.07275
668 0.66800 -1097.78490 3405.44417 2307.65927 1.75977e-05 4.39980 18.03130
669 0.66900 -1104.50163 3412.15736 2307.65573 1.60608e-05 4.40847 17.98642
670 0.67000 -1111.66358 3419.31667 2307.65309 1.49193e-05 4.41772 17.93826
671 0.67100 -1119.20431 3426.85556 2307.65125 1.41198e-05 4.42746 17.88725
672 0.67200 -1127.06976 3434.72073 2307.65097 1.39983e-05 4.43762 17.83360
673 0.67300 -1135.21754 3442.86851 2307.65098 1.40016e-05 4.44815 17.77778
674 0.67400 -1143.61076 3451.26053 2307.64978 1.34824e-05 4.45899 17.72015
675 0.67500 -1152.20689 3459.85599 2307.64910 1.31882e-05 4.47010 17.66096
676 0.67600 -1160.95930 3468.60628 2307.64698 1.22710e-05 4.48140 17.60069
677 0.67700 -1169.80586 3477.44991 2307.64405 1.09991e-05 4.49283 17.53960
678 0.67800 -1178.66836 3486.30766 2307.63931 8.94394e-06 4.50427 17.47787
679 0.67900 -1187.44953 3495.08299 2307.63346 6.41076e-06 4.51561 17.41625
680 0.68000 -1196.03354 3503.66021 2307.62667 3.46698e-06 4.52669 17.35626
681 0.68100 -1204.28666 3511.90497 2307.61832 -1.51486e-07 4.53734 17.29779
682 0.68200 -1212.06027 3519.66959 2307.60933 -4.04733e-06 4.54738 17.24280
683 0.68300 -1219.19953 3526.79936 2307.59982 -8.16605e-06 4.55659 17.19200
684 0.68400 -1225.55034 3533.14070 2307.59036 -1.22648e-05 4.56478 17.14529
685 0.68500 -1230.96754 3538.54952 2307.58198 -1.58971e-05 4.57177 17.10500
686 0.68600 -1235.32497 3542.90029 2307.57532 -1.87848e-05 4.57739 17.07070
687 0.68700 -1238.52510 3546.09581 2307.57071 -2.07817e-05 4.58152 17.04429
688 0.68800 -1240.50395 3548.07241 2307.56846 -2.17587e-05 4.58407 17.02547
689 0.68900 -1241.23530 3548.80419 2307.56889 -2.15692e-05 4.58502 17.01388
690 0.69000 -1240.73574 3548.30773 2307.57199 -2.02291e-05 4.58438 17.01036
691 0.69100 -1239.06592 3546.64358 2307.57766 -1.77683e-05 4.58223 17.01395
692 0.69200 -1236.32848 3543.91398 2307.58550 -1.43704e-05 4.57870 17.02460
693 0.69300 -1232.66212 3540.25768 2307.59556 -1.00125e-05 4.57398 17.04062
694 0.69400 -1228.23564 3535.84221 2307.60657 -5.24308e-06 4.56827 17.06160
695 0.69500 -1223.23561 3530.85405 2307.61844 -9.66018e-08 4.56183 17.08692
696 0.69600 -1217.85724 3525.48651 2307.62927 4.59499e-06 4.55489 17.11395
697 0.69700 -1212.28979 3519.92881 2307.63902 8.81880e-06 4.54771 17.14232
698 0.69800 -1206.70735 3514.35403 2307.64668 1.21378e-05 4.54051 17.17130
699 0.69900 -1201.25724 3508.91040 2307.65316 1.49494e-05 4.53348 17.20090
700 0.70000 -1196.05691 3503.71371 2307.65680 1.65246e-05 4.52676 17.22869
701 0.70100 -1191.18589 3498.84351 2307.65761 1.68774e-05 4.52047 17.25434
702 0.70200 -1186.68823 3494.34492 2307.65670 1.64801e-05 4.51466 17.27857
703 0.70300 -1182.57678 3490.23079 2307.65401 1.53161e-05 4.50934 17.30078
704 0.70400 -1178.83776 3486.48812 2307.65037 1.37368e-05 4.50451 17.32054
705 0.70500 -1175.43834 3483.08345 2307.64511 1.14600e-05 4.50011 17.33860
706 0.70600 -1172.33087 3479.97075 2307.63987 9.18989e-06 4.49609 17.35503
707 0.70700 -1169.46596 3477.10054 2307.63458 6.89524e-06 4.49238 17.37016
708 0.70800 -1166.79561 3474.42624 2307.63063 5.18242e-06 4.48892 17.38422
709 0.70900 -1164.28648 3471.91397 2307.62749 3.82486e-06 4.48568 17.39770
710 0.71000 -1161.92228 3469.54875 2307.62647 3.38129e-06 4.48262 17.41048
711 0.71100 -1159.71024 3467.33702 2307.62678 3.51536e-06 4.47976 17.42199
712 0.71200 -1157.68219 3465.31072 2307.62853 4.27391e-06 4.47715 17.43176
713 0.71300 -1155.89477 3463.52662 2307.63185 5.71260e-06 4.47484 17.44099
714 0.71400 -1154.42573 3462.06200 2307.63627 7.62820e-06 4.47295 17.44810
715 0.71500 -1153.36721 3461.00840 2307.64119 9.75867e-06 4.47159 17.45233
716 0.71600 -1152.81601 3460.46191 2307.64590 1.18019e-05 4.47088 17.45380
717 0.71700 -1152.86653 3460.51680 2307.65026 1.36918e-05 4.47095 17.45151
718 0.71800 -1153.60638 3461.26069 2307.65430 1.54439e-05 4.47191 17.44471
719 0.71900 -1155.10825 3462.76599 2307.65773 1.69301e-05 4.47386 17.43372
720 0.72000 -1157.42577 3465.08581 2307.66004 1.79290e-05 4.47686 17.41711
721 0.72100 -1160.58929 3468.24964 2307.66036 1.80664e-05 4.48094 17.39645
722 0.72200 -1164.60341 3472.26246 2307.65905 1.75001e-05 4.48613 17.37030
723 0.72300 -1169.44439 3477.10071 2307.65632 1.63190e-05 4.49238 17.33950
724 0.72400 -1175.05748 3482.70925 2307.65177 1.43455e-05 4.49962 17.30388
725 0.72500 -1181.35966 3489.00550 2307.64583 1.17726e-05 4.50776 17.26471
726 0.72600 -1188.24352 3495.88315 2307.63963 9.08440e-06 4.51664 17.22213
727 0.72700 -1195.58821 3503.22066 2307.63245 5.97259e-06 4.52612 17.17715
728 0.72800 -1203.26240 3510.88869 2307.62628 3.30082e-06 4.53603 17.13027
729 0.72900 -1211.13911 3518.76020 2307.62108 1.04792e-06 4.54620 17.08252
730 0.73000 -1219.09967 3526.71637 2307.61670 -8.51410e-07 4.55648 17.03468
731 0.73100 -1227.03317 3534.64603 2307.61287 -2.51355e-06 4.56673 16.98677
732 0.73200 -1234.83048 3542.43928 2307.60880 -4.27604e-06 4.57679 16.94046
733 0.73300 -1242.37747 3549.98045 2307.60297 -6.79998e-06 4.58654 16.89646
734 0.73400 -1249.54245 3557.13831 2307.59586 -9.88404e-06 4.59579 16.85492
735 0.73500 -1256.16959 3563.75594 2307.58635 -1.40022e-05 4.60434 16.81801
736 0.73600 -1262.07810 3569.65406 2307.57596 -1.85057e-05 4.61196 16.78492
737 0.73700 -1267.07152 3574.63659 2307.56507 -2.32250e-05 4.61839 16.75756
738 0.73800 -1270.94704 3578.50117 2307.55413 -2.79663e-05 4.62339 16.73806
739 0.73900 -1273.51286 3581.05818 2307.54532 -3.17853e-05 4.62669 16.72647
740 0.74000 -1274.60583 3582.14373 2307.53789 -3.50032e-05 4.62809 16.72409
741 0.74100 -1274.09648 3581.62952 2307.53304 -3.71063e-05 4.62743 16.73239
742 0.74200 -1271.90458 3579.43650 2307.53192 -3.75914e-05 4.62459 16.75066
743 0.74300 -1268.00716 3575.54111 2307.53395 -3.67107e-05 4.61956 16.77984
744 0.74400 -1262.43797 3569.97797 2307.54000 -3.40888e-05 4.61237 16.81932
745 0.74500 -1255.29100 3562.84063 2307.54962 -2.99197e-05 4.60315 16.86817
746 0.74600 -1246.71962 3554.28212 2307.56250 -2.43386e-05 4.59210 16.92542
747 0.74700 -1236.93335 3544.51200 2307.57865 -1.73397e-05 4.57947 16.99054
748 0.74800 -1226.19262 3533.78997 2307.59735 -9.23610e-06 4.56562 17.06185
749 0.74900 -1214.80358 3522.42152 2307.61794 -3.15247e-07 4.55093 17.13688
750 0.75000 -1203.10604 3510.74513 2307.63909 8.84958e-06 4.53585 17.21452
751 0.75100 -1191.45474 3499.11532 2307.66059 1.81657e-05 4.52082 17.29159
752 0.75200 -1180.20553 3487.88594 2307.68040 2.67532e-05 4.50631 17.36678
753 0.75300 -1169.69167 3477.39069 2307.69902 3.48208e-05 4.49275 17.43675
754 0.75400 -1160.21253 3467.92651 2307.71398 4.13043e-05 4.48053 17.49990
755 0.75500 -1152.01825 3459.74307 2307.72482 4.60003e-05 4.46995 17.55595
756 0.75600 -1145.30106 3453.03345 2307.73239 4.92820e-05 4.46128 17.60245
757 0.75700 -1140.19229 3447.92890 2307.73660 5.11070e-05 4.45469 17.63926
758 0.75800 -1136.76458 3444.50161 2307.73703 5.12918e-05 4.45026 17.66590
759 0.75900 -1135.03438 3442.76895 2307.73458 5.02296e-05 4.44802 17.68245
760 0.76000 -1134.96743 3442.69645 2307.72902 4.78220e-05 4.44793 17.68804
761 0.76100 -1136.48340 3444.20420 2307.72080 4.42594e-05 4.44988 17.68370
762 0.76200 -1139.46185 3447.17301 2307.71117 4.00848e-05 4.45371 17.67091
763 0.76300 -1143.74966 3451.44935 2307.69969 3.51131e-05 4.45924 17.64935
764 0.76400 -1149.16323 3456.85035 2307.68712 2.96632e-05 4.46621 17.62093
765 0.76500 -1155.49933 3463.17281 2307.67348 2.37526e-05 4.47438 17.58741
766 0.76600 -1162.54274 3470.20288 2307.66014 1.79738e-05 4.48347 17.54855
767 0.76700 -1170.07611 3477.72213 2307.64602 1.18530e-05 4.49318 17.50718
768 0.76800 -1177.88152 3485.51433 2307.63281 6.12881e-06 4.50325 17.46393
769 0.76900 -1185.75127 3493.37205 2307.62077 9.13913e-07 4.51340 17.41961
770 0.77000 -1193.49262 3501.10283 2307.61021 -3.66598e-06 4.52339 17.37620
771 0.77100 -1200.93148 3508.53247 2307.60099 -7.65935e-06 4.53299 17.33424
772 0.77200 -1207.91552 3515.50883 2307.59331 -1.09870e-05 4.54200 17.29449
773 0.77300 -1214.31556 3521.90219 2307.58663 -1.38828e-05 4.55026 17.25834
774 0.77400 -1220.01968 3527.60088 2307.58120 -1.62341e-05 4.55762 17.22694
775 0.77500 -1224.93597 3532.51265 2307.57668 -1.81924e-05 4.56397 17.20022
776 0.77600 -1228.99178 3536.56563 2307.57385 -1.94203e-05 4.56921 17.17800
777 0.77700 -1232.13419 3539.70574 2307.57155 -2.04188e-05 4.57326 17.16150
778 0.77800 -1234.32865 3541.89939 2307.57074 -2.07687e-05 4.57610 17.15104
779 0.77900 -1235.56645 3543.13844 2307.57199 -2.02269e-05 4.57770 17.14616
780 0.78000 -1235.86926 3543.44424 2307.57498 -1.89304e-05 4.57809 17.14701
781 0.78100 -1235.29223 3542.87280 2307.58058 -1.65060e-05 4.57736 17.15381
782 0.78200 -1233.93071 3541.51868 2307.58797 -1.33025e-05 4.57561 17.16457
783 0.78300 -1231.91255 3539.50976 2307.59721 -9.29718e-06 4.57301 17.17956
784 0.78400 -1229.39049 3536.99769 2307.60720 -4.96968e-06 4.56976 17.19873
785 0.78500 -1226.52442 3534.14090 2307.61648 -9.46993e-07 4.56607 17.21902
786 0.78600 -1223.45903 3531.08150 2307.62247 1.65060e-06 4.56212 17.24176
787 0.78700 -1220.29831 3527.92363 2307.62532 2.88506e-06 4.55804 17.26516
788 0.78800 -1217.09066 3524.71434 2307.62368 2.17403e-06 4.55389 17.28827
789 0.78900 -1213.81885 3521.43712 2307.61827 -1.72557e-07 4.54966 17.31271
790 0.79000 -1210.41118 3518.02194 2307.61076 -3.42585e-06 4.54525 17.33744
791 0.79100 -1206.76167 3514.36442 2307.60275 -6.89532e-06 4.54052 17.36415
792 0.79200 -1202.75279 3510.34843 2307.59564 -9.97877e-06 4.53533 17.39258
793 0.79300 -1198.28004 3505.87008 2307.59004 -1.24047e-05 4.52955 17.42443
794 0.79400 -1193.26791 3500.85532 2307.58741 -1.35446e-05 4.52307 17.45941
795 0.79500 -1187.68338 3495.27134 2307.58796 -1.33078e-05 4.51585 17.49800
796 0.79600 -1181.54123 3489.13227 2307.59105 -1.19694e-05 4.50792 17.53987
797 0.79700 -1174.89925 3482.49622 2307.59697 -9.40037e-06 4.49935 17.58443
798 0.79800 -1167.85428 3475.45915 2307.60488 -5.97566e-06 4.49026 17.63124
799 0.79900 -1160.53623 3468.15083 2307.61460 -1.76253e-06 4.48082 17.67888
800 0.80000 -1153.10052 3460.72584 2307.62532 2.88324e-06 4.47122 17.72785
801 0.80100 -1145.71529 3453.35110 2307.63582 7.43285e-06 4.46169 17.77638
802 0.80200 -1138.55369 3446.19931 2307.64562 1.16784e-05 4.45245 17.82233
803 0.80300 -1131.78151 3439.43606 2307.65455 1.55499e-05 4.44372 17.86613
804 0.80400 -1125.54682 3433.20844 2307.66162 1.86137e-05 4.43567 17.90691
805 0.80500 -1119.97287 3427.64006 2307.66720 2.10301e-05 4.42848 17.94356
806 0.80600 -1115.15236 3422.82206 2307.66970 2.21150e-05 4.42225 17.97487
807 0.80700 -1111.13959 3418.80872 2307.66913 2.18699e-05 4.41707 18.00226
808 0.80800 -1107.94796 3415.61393 2307.66597 2.05008e-05 4.41294 18.02415
809 0.80900 -1105.55068 3413.21118 2307.66050 1.81279e-05 4.40983 18.04177
810 0.81000 -1103.88401 3411.53633 2307.65231 1.45807e-05 4.40767 18.05402
811 0.81100 -1102.84626 3410.48893 2307.64268 1.04043e-05 4.40632 18.06245
812 0.81200 -1102.30715 3409.93918 2307.63203 5.79014e-06 4.40561 18.06791
813 0.81300 -1102.11669 3409.73670 2307.62002 5.85583e-07 4.40534 18.07093
814 0.81400 -1102.10954 3409.71711 2307.60756 -4.81089e-06 4.40532 18.07222
815 0.81500 -1102.11562 3409.71193 2307.59631 -9.68652e-06 4.40531 18.07420
816 0.81600 -1101.97328 3409.55953 2307.58624 -1.40504e-05 4.40512 18.07621
817 0.81700 -1101.53911 3409.11700 2307.57788 -1.76732e-05 4.40454 18.07987
818 0.81800 -1100.69988 3408.27178 2307.57191 -2.02634e-05 4.40345 18.08619
819 0.81900 -1099.37450 3406.94334 2307.56884 -2.15910e-05 4.40174 18.09501
820 0.82000 -1097.51876 3405.08667 2307.56791 -2.19956e-05 4.39934 18.10694
821 0.82100 -1095.12424 3402.69311 2307.56888 -2.15766e-05 4.39624 18.12230
822 0.82200 -1092.21348 3399.78493 2307.57145 -2.04595e-05 4.39249 18.14060
823 0.82300 -1088.83376 3396.40849 2307.57473 -1.90377e-05 4.38812 18.16197
824 0.82400 -1085.04370 3392.62182 2307.57812 -1.75696e-05 4.38323 18.18525
825 0.82500 -1080.90459 3388.48519 2307.58059 -1.64980e-05 4.37789 18.21112
826 0.82600 -1076.47073 3384.05255 2307.58182 -1.59689e-05 4.37216 18.23815
827 0.82700 -1071.77945 3379.36128 2307.58183 -1.59628e-05 4.36610 18.26664
828 0.82800 -1066.84840 3374.42796 2307.57956 -1.69470e-05 4.35973 18.29696
829 0.82900 -1061.66980 3369.24586 2307.57606 -1.84646e-05 4.35303 18.32889
830 0.83000 -1056.21947 3363.79050 2307.57103 -2.06438e-05 4.34598 18.36197
831 0.83100 -1050.45949 3358.02613 2307.56664 -2.25435e-05 4.33854 18.39665
832 0.83200 -1044.35600 3351.91847 2307.56248 -2.43495e-05 4.33064 18.43299
833 0.83300 -1037.89355 3345.45461 2307.56106 -2.49636e-05 4.32229 18.47186
834 0.83400 -1031.09633 3338.65955 2307.56323 -2.40248e-05 4.31351 18.51276
835 0.83500 -1024.04366 3331.61299 2307.56932 -2.13835e-05 4.30441 18.55535
836 0.83600 -1016.87709 3324.45732 2307.58024 -1.66534e-05 4.29516 18.59761
837 0.83700 -1009.79780 3317.39154 2307.59374 -1.08024e-05 4.28604 18.63955
838 0.83800 -1003.04818 3310.65669 2307.60852 -4.39880e-06 4.27733 18.67878
839 0.83900 -996.88558 3304.50792 2307.62234 1.59333e-06 4.26939 18.71403
840 0.84000 -991.54728 3299.18023 2307.63294 6.18652e-06 4.26251 18.74502
841 0.84100 -987.21796 3294.85697 2307.63901 8.81628e-06 4.25692 18.76920
842 0.84200 -984.00179 3291.64134 2307.63955 9.05112e-06 4.25277 18.78670
843 0.84300 -981.91401 3289.54961 2307.63560 7.33731e-06 4.25006 18.79744
844 0.84400 -980.89130 3288.51914 2307.62784 3.97613e-06 4.24873 18.80134
845 0.84500 -980.80928 3288.42720 2307.61792 -3.23356e-07 4.24861 18.79906
846 0.84600 -981.50985 3289.11833 2307.60847 -4.41653e-06 4.24951 18.79171
847 0.84700 -982.82966 3290.42991 2307.60025 -7.98107e-06 4.25120 18.78051
848 0.84800 -984.62320 3292.21707 2307.59387 -1.07447e-05 4.25351 18.76674
849 0.84900 -986.77804 3294.36883 2307.59079 -1.20807e-05 4.25629 18.75021
850 0.85000 -989.22140 3296.81168 2307.59028 -1.23009e-05 4.25945 18.73168
851 0.85100 -991.91770 3299.50982 2307.59212 -1.15042e-05 4.26293 18.71080
852 0.85200 -994.86215 3302.45712 2307.59497 -1.02684e-05 4.26674 18.68859
853 0.85300 -998.06789 3305.66569 2307.59780 -9.04019e-06 4.27089 18.66397
854 0.85400 -1001.55607 3309.15756 2307.60149 -7.44157e-06 4.27540 18.63733
855 0.85500 -1005.35195 3312.95650 2307.60455 -6.11504e-06 4.28031 18.60908
856 0.85600 -1009.47659 3317.08439 2307.60780 -4.70889e-06 4.28564 18.57907
857 0.85700 -1013.94890 3321.55925 2307.61035 -3.60334e-06 4.29142 18.54591
858 0.85800 -1018.78384 3326.39757 2307.61373 -2.13740e-06 4.29767 18.51028
859 0.85900 -1024.00467 3331.62173 2307.61706 -6.96268e-07 4.30442 18.47266
860 0.86000 -1029.64217 3337.26449 2307.62232 1.58490e-06 4.31171 18.43181
861 0.86100 -1035.74561 3343.37350 2307.62788 3.99434e-06 4.31960 18.38805
862 0.86200 -1042.37855 3350.01396 2307.63541 7.25596e-06 4.32818 18.34168
863 0.86300 -1049.61906 3357.26219 2307.64314 1.06041e-05 4.33755 18.29163
864 0.86400 -1057.54739 3365.19726 2307.64987 1.35222e-05 4.34780 18.23700
865 0.86500 -1066.23185 3373.88702 2307.65516 1.58150e-05 4.35903 18.17866
866 0.86600 -1075.71184 3383.36971 2307.65787 1.69893e-05 4.37128 18.11525
867 0.86700 -1085.98522 3393.64163 2307.65641 1.63545e-05 4.38455 18.04711
868 0.86800 -1096.99397 3404.64530 2307.65133 1.41569e-05 4.39877 17.97501
869 0.86900 -1108.62223 3416.26493 2307.64270 1.04156e-05 4.41378 17.89963
870 0.87000 -1120.69779 3428.32869 2307.63090 5.30098e-06 4.42937 17.82108
871 0.87100 -1133.00030 3440.61576 2307.61546 -1.39127e-06 4.44524 17.74153
872 0.87200 -1145.26631 3452.86521 2307.59890 -8.56489e-06 4.46107 17.66311
873 0.87300 -1157.20809 3464.78921 2307.58112 -1.62707e-05 4.47647 17.58704
874 0.87400 -1168.52511 3476.08769 2307.56258 -2.43028e-05 4.49107 17.51509
875 0.87500 -1178.91562 3486.46099 2307.54537 -3.17627e-05 4.50447 17.44890
876 0.87600 -1188.09540 3495.62382 2307.52842 -3.91085e-05 4.51631 17.39080
877 0.87700 -1195.80090 3503.31535 2307.51445 -4.51621e-05 4.52625 17.34144
878 0.87800 -1201.80730 3509.31034 2307.50305 -5.01035e-05 4.53399 17.30323
879 0.87900 -1205.93702 3513.43178 2307.49476 -5.36964e-05 4.53932 17.27670
880 0.88000 -1208.07291 3515.56307 2307.49016 -5.56870e-05 4.54207 17.26264
881 0.88100 -1208.16997 3515.66095 2307.49098 -5.53321e-05 4.54220 17.26096
882 0.88200 -1206.27209 3513.77017 2307.49808 -5.22576e-05 4.53975 17.27177
883 0.88300 -1202.52692 3510.03971 2307.51279 -4.58811e-05 4.53494 17.29362
884 0.88400 -1197.19915 3504.73465 2307.53550 -3.60405e-05 4.52808 17.32560
885 0.88500 -1190.67673 3498.24248 2307.56575 -2.29320e-05 4.51969 17.36535
886 0.88600 -1183.46093 3491.06177 2307.60084 -7.72434e-06 4.51042 17.40925
887 0.88700 -1176.12436 3483.76147 2307.63711 7.99050e-06 4.50098 17.45396
888 0.88800 -1169.25049 3476.92040 2307.66991 2.22066e-05 4.49215 17.49683
889 0.88900 -1163.35803 3471.05161 2307.69357 3.24608e-05 4.48456 17.53469
890 0.89000 -1158.82329 3466.52811 2307.70482 3.73331e-05 4.47872 17.56428
891 0.89100 -1155.83128 3463.53573 2307.70445 3.71723e-05 4.47485 17.58551
892 0.89200 -1154.37841 3462.07296 2307.69454 3.28810e-05 4.47296 17.59734
893 0.89300 -1154.31051 3461.99000 2307.67949 2.63558e-05 4.47286 17.60156
894 0.89400 -1155.38489 3463.04708 2307.66219 1.88619e-05 4.47422 17.59922
895 0.89500 -1157.32575 3464.97320 2307.64744 1.24707e-05 4.47671 17.59087
896 0.89600 -1159.86999 3467.50470 2307.63472 6.95486e-06 4.47998 17.58033
897 0.89700 -1162.78292 3470.40760 2307.62468 2.60624e-06 4.48373 17.56693
898 0.89800 -1165.86808 3473.48528 2307.61720 -6.36955e-07 4.48771 17.55321
899 0.89900 -1168.96850 3476.57995 2307.61145 -3.12673e-06 4.49171 17.53870
900 0.90000 -1171.96349 3479.57204 2307.60855 -4.38522e-06 4.49557 17.52433
901 0.90100 -1174.77151 3482.37958 2307.60807 -4.59233e-06 4.49920 17.51210
902 0.90200 -1177.34673 3484.95636 2307.60963 -3.91614e-06 4.50253 17.50166
903 0.90300 -1179.67431 3487.28652 2307.61221 -2.79590e-06 4.50554 17.49221
904 0.90400 -1181.76025 3489.37607 2307.61582 -1.23157e-06 4.50824 17.48391
905 0.90500 -1183.62400 3491.24278 2307.61878 4.90002e-08 4.51065 17.47772
906 0.90600 -1185.28267 3492.90389 2307.62122 1.10800e-06 4.51280 17.47246
907 0.90700 -1186.74357 3494.36529 2307.62172 1.32306e-06 4.51468 17.46805
908 0.90800 -1187.99432 3495.61505 2307.62073 8.94326e-07 4.51630 17.46526
909 0.90900 -1189.00109 3496.61959 2307.61850 -7.37122e-08 4.51760 17.46373
910 0.91000 -1189.71126 3497.32669 2307.61543 -1.40250e-06 4.51851 17.46511
911 0.91100 -1190.05803 3497.66909 2307.61106 -3.29565e-06 4.51895 17.46861
912 0.91200 -1189.96472 3497.57086 2307.60614 -5.42661e-06 4.51883 17.47425
913 0.91300 -1189.35427 3496.95607 2307.60180 -7.30784e-06 4.51803 17.48346
914 0.91400 -1188.15428 3495.75248 2307.59820 -8.86759e-06 4.51648 17.49626
915 0.91500 -1186.30219 3493.89754 2307.59536 -1.01016e-05 4.51408 17.51340
916 0.91600 -1183.75429 3491.34721 2307.59293 -1.11531e-05 4.51078 17.53425
917 0.91700 -1180.48612 3488.07874 2307.59262 -1.12883e-05 4.50656 17.55952
918 0.91800 -1176.49910 3484.09229 2307.59318 -1.10438e-05 4.50141 17.58902
919 0.91900 -1171.81630 3479.41239 2307.59610 -9.78083e-06 4.49536 17.62265
920 0.92000 -1166.48922 3474.08884 2307.59962 -8.25429e-06 4.48849 17.66023
921 0.92100 -1160.59192 3468.19679 2307.60488 -5.97488e-06 4.48087 17.70115
922 0.92200 -1154.22610 3461.83680 2307.61070 -3.45119e-06 4.47266 17.74517
923 0.92300 -1147.51312 3455.13158 2307.61846 -8.85909e-08 4.46399 17.79110
924 0.92400 -1140.59195 3448.21829 2307.62634 3.32608e-06 4.45506 17.83760
925 0.92500 -1133.60999 3441.24463 2307.63463 6.91964e-06 4.44605 17.88475
926 0.92600 -1126.72205 3434.36493 2307.64288 1.04932e-05 4.43716 17.93199
927 0.92700 -1120.07966 3427.73024 2307.65058 1.38314e-05 4.42859 17.97699
928 0.92800 -1113.82780 3421.48543 2307.65763 1.68860e-05 4.42052 18.01910
929 0.92900 -1108.10526 3415.76941 2307.66415 1.97115e-05 4.41314 18.05748
930 0.93000 -1103.04159 3410.71187 2307.67028 2.23649e-05 4.40660 18.09198
931 0.93100 -1098.75677 3406.43268 2307.67591 2.48070e-05 4.40108 18.12104
932 0.93200 -1095.36055 3403.04235 2307.68180 2.73571e-05 4.39670 18.14498
933 0.93300 -1092.95140 3400.63724 2307.68584 2.91118e-05 4.39359 18.16209
934 0.93400 -1091.60153 3399.28914 2307.68760 2.98736e-05 4.39185 18.17290
935 0.93500 -1091.34754 3399.03387 2307.68633 2.93222e-05 4.39152 18.17678
936 0.93600 -1092.17449 3399.85588 2307.68139 2.71822e-05 4.39258 18.17442
937 0.93700 -1094.00153 3401.67358 2307.67205 2.31344e-05 4.39493 18.16552
938 0.93800 -1096.67696 3404.33518 2307.65823 1.71439e-05 4.39837 18.15025
939 0.93900 -1099.98362 3407.62535 2307.64173 9.99430e-06 4.40262 18.13177
940 0.94000 -1103.65465 3411.27727 2307.62262 1.71328e-06 4.40733 18.11041
941 0.94100 -1107.39199 3414.99589 2307.60390 -6.39736e-06 4.41214 18.08847
942 0.94200 -1110.89824 3418.48532 2307.58708 -1.36856e-05 4.41665 18.06814
943 0.94300 -1113.89929 3421.47204 2307.57275 -1.98995e-05 4.42051 18.05025
944 0.94400 -1116.16575 3423.72710 2307.56135 -2.48391e-05 4.42342 18.03581
945 0.94500 -1117.52331 3425.07757 2307.55426 -2.79105e-05 4.42516 18.02769
946 0.94600 -1117.86193 3425.41352 2307.55158 -2.90699e-05 4.42560 18.02501
947 0.94700 -1117.13915 3424.69266 2307.55350 -2.82375e-05 4.42467 18.02862
948 0.94800 -1115.38330 3422.94263 2307.55933 -2.57141e-05 4.42241 18.03816
949 0.94900 -1112.68924 3420.25794 2307.56870 -2.16520e-05 4.41894 18.05244
950 0.95000 -1109.21076 3416.79191 2307.58115 -1.62575e-05 4.41446 18.07196
951 0.95100 -1105.15261 3412.74860 2307.59599 -9.82653e-06 4.40924 18.09445
952 0.95200 -1100.75487 3408.36686 2307.61199 -2.89198e-06 4.40357 18.11911
953 0.95300 -1096.27257 3403.90034 2307.62777 3.94448e-06 4.39780 18.14347
954 0.95400 -1091.95524 3399.59699 2307.64175 1.00022e-05 4.39224 18.16715
955 0.95500 -1088.02312 3395.67532 2307.65220 1.45319e-05 4.38718 18.18862
956 0.95600 -1084.64804 3392.30742 2307.65938 1.76438e-05 4.38283 18.20629
957 0.95700 -1081.94497 3389.60697 2307.66200 1.87778e-05 4.37934 18.22017
958 0.95800 -1079.96448 3387.62548 2307.66101 1.83490e-05 4.37678 18.22989
959 0.95900 -1078.70481 3386.36253 2307.65772 1.69251e-05 4.37515 18.23531
960 0.96000 -1078.12741 3385.78074 2307.65333 1.50227e-05 4.37439 18.23591
961 0.96100 -1078.17312 3385.82236 2307.64924 1.32482e-05 4.37445 18.23281
962 0.96200 -1078.78262 3386.42793 2307.64531 1.15477e-05 4.37523 18.22651
963 0.96300 -1079.90597 3387.54912 2307.64315 1.06122e-05 4.37668 18.21691
964 0.96400 -1081.51226 3389.15499 2307.64273 1.04299e-05 4.37875 18.20349
965 0.96500 -1083.58977 3391.23290 2307.64313 1.06035e-05 4.38144 18.18729
966 0.96600 -1086.13910 3393.78284 2307.64374 1.08650e-05 4.38473 18.16814
967 0.96700 -1089.16707 3396.81161 2307.64453 1.12088e-05 4.38865 18.14584
968 0.96800 -1092.68139 3400.32603 2307.64464 1.12558e-05 4.39319 18.12032
969 0.96900 -1096.68368 3404.32874 2307.64506 1.14377e-05 4.39836 18.09225
970 0.97000 -1101.17331 3408.81913 2307.64582 1.17653e-05 4.40416 18.06108
971 0.97100 -1106.15028 3413.79694 2307.64667 1.21337e-05 4.41059 18.02683
972 0.97200 -1111.61437 3419.26226 2307.64788 1.26608e-05 4.41765 17.98956
973 0.97300 -1117.56433 3425.21241 2307.64809 1.27502e-05 4.42534 17.94950
974 0.97400 -1123.98624 3431.63366 2307.64742 1.24624e-05 4.43364 17.90685
975 0.97500 -1130.84685 3438.49204 2307.64518 1.14916e-05 4.44250 17.86137
976 0.97600 -1138.08334 3445.72316 2307.63982 9.16638e-06 4.45184 17.81326
977 0.97700 -1145.59185 3453.22410 2307.63224 5.88416e-06 4.46153 17.76387
978 0.97800 -1153.23159 3460.85451 2307.62292 1.84210e-06 4.47139 17.71399
979 0.97900 -1160.83295 3468.44568 2307.61273 -2.57243e-06 4.48120 17.66436
980 0.98000 -1168.21187 3475.81438 2307.60251 -7.00308e-06 4.49072 17.61577
981 0.98100 -1175.18192 3482.77487 2307.59295 -1.11436e-05 4.49971 17.56984
982 0.98200 -1181.56862 3489.15277 2307.58415 -1.49594e-05 4.50795 17.52778
983 0.98300 -1187.21912 3494.79667 2307.57754 -1.78207e-05 4.51524 17.49027
984 0.98400 -1192.01130 3499.58456 2307.57325 -1.96791e-05 4.52143 17.45870
985 0.98500 -1195.85550 3503.42550 2307.57000 -2.10893e-05 4.52639 17.43186
986 0.98600 -1198.69174 3506.26066 2307.56892 -2.15576e-05 4.53005 17.41205
987 0.98700 -1200.49268 3508.06214 2307.56945 -2.13256e-05 4.53238 17.39919
988 0.98800 -1201.25717 3508.82846 2307.57129 -2.05307e-05 4.53337 17.39176
989 0.98900 -1201.00882 3508.58285 2307.57403 -1.93429e-05 4.53305 17.39176
990 0.99000 -1199.79290 3507.37155 2307.57865 -1.73402e-05 4.53149 17.39728
991 0.99100 -1197.67761 3505.26160 2307.58399 -1.50273e-05 4.52876 17.40855
992 0.99200 -1194.74704 3502.33650 2307.58946 -1.26565e-05 4.52498 17.42491
993 0.99300 -1191.09489 3498.69032 2307.59543 -1.00694e-05 4.52027 17.44655
994 0.99400 -1186.82397 3494.42493 2307.60097 -7.66916e-06 4.51476 17.47178
995 0.99500 -1182.03679 3489.64215 2307.60536 -5.76615e-06 4.50858 17.49998
996 0.99600 -1176.82324 3484.43190 2307.60865 -4.33864e-06 4.50185 17.53156
997 0.99700 -1171.25601 3478.86624 2307.61023 -3.65392e-06 4.49466 17.56536
998 0.99800 -1165.38604 3472.99609 2307.61005 -3.73167e-06 4.48708 17.60110
999 0.99900 -1159.23902 3466.84717 2307.60815 -4.55724e-06 4.47913 17.63864
